CTI1   

DESCRIPTOR "Argyll Calibration Target chart information 1"
ORIGINATOR "Argyll targen"
CREATED "Mon Aug 11 12:25:15 2025"
APPROX_WHITE_POINT "95.106486 100.000000 108.844025"
COLOR_REP "iRGB"
TOTAL_INK_LIMIT "300.0"
WHITE_COLOR_PATCHES "4"
BLACK_COLOR_PATCHES "4"
OFPS_PATCHES "672"

NUMBER_OF_FIELDS 7
BEGIN_DATA_FORMAT
SAMPLE_ID RGB_R RGB_G RGB_B XYZ_X XYZ_Y XYZ_Z 
END_DATA_FORMAT

NUMBER_OF_SETS 680
BEGIN_DATA
210 0.000000 36.32541 36.74218 1.961038 2.399279 2.931838
293 76.11285 227.5446 57.06627 32.03689 57.50009 14.11347
680 25.39143 57.25897 149.4000 8.270601 6.292600 29.96295
311 25.53266 228.0577 30.86104 29.13698 56.26870 11.46081
326 162.0464 96.50107 153.6909 25.69782 19.28293 33.37033
43 255.0000 209.0916 0.000000 64.42668 67.23888 10.44547
170 0.000000 172.0024 39.53178 15.97798 30.35767 7.824944
279 96.74088 216.7692 33.50822 30.64020 52.62280 10.86574
4 255.0000 255.0000 255.0000 95.10649 100.0000 108.8440
116 0.000000 0.000000 145.6781 6.112122 3.044526 27.92607
485 23.53544 32.66649 185.5040 10.61440 5.733868 47.13812
276 69.33804 34.12937 0.000000 4.023686 3.405001 1.304983
27 0.000000 71.64449 140.5788 8.000775 7.434069 26.66585
254 83.42289 174.8874 106.4879 22.32603 34.18851 19.91875
622 71.13023 243.2427 166.8657 42.28038 68.68865 48.03207
108 127.8151 201.9036 33.32681 30.95109 47.41207 9.830189
113 0.000000 210.2904 76.13723 25.18532 47.29007 15.45753
203 174.5349 43.53265 72.57570 20.45174 12.19128 8.305184
534 173.7729 195.8246 114.9003 40.79516 50.11240 24.41684
122 255.0000 36.07255 218.7928 55.08944 28.35777 69.65869
64 191.5548 207.4180 0.000000 44.60263 56.41698 9.400621
65 139.4617 0.000000 185.5629 20.34729 9.965857 47.47481
654 235.5408 59.21237 168.0205 43.65656 24.49838 39.98582
239 90.00788 120.6500 255.0000 29.77392 23.75324 97.56713
146 255.0000 93.53040 255.0000 63.62305 37.04193 98.34946
114 167.5565 135.7631 0.000000 25.57846 26.56053 4.639424
627 109.3533 29.81498 234.5123 22.51926 11.06153 79.27876
380 77.75067 50.53276 138.4020 9.813306 6.725132 25.60401
385 102.7901 63.24364 21.19448 8.423200 7.443445 2.564794
520 55.27515 213.1095 27.17106 26.35815 49.05545 9.977698
247 165.7184 217.1372 41.29972 41.51443 58.35478 12.04207
267 114.6883 0.000000 108.9153 10.68792 5.679531 15.69714
574 172.5020 167.8119 123.1630 35.33269 38.81584 25.10158
379 0.000000 34.17918 221.7304 14.58982 7.349247 69.75967
176 52.07763 82.84835 186.2151 14.25491 11.34484 48.42161
213 173.0901 109.1837 255.0000 41.38699 27.82098 97.74068
189 255.0000 29.23353 28.73067 42.48715 23.01994 4.199345
111 38.67516 122.0284 255.0000 26.58131 22.35414 97.46521
647 155.8317 195.3882 18.34506 34.06048 46.83660 8.688048
35 153.4911 0.000000 98.09974 16.28573 8.628359 13.13514
73 0.000000 0.000000 69.30675 2.072987 1.429127 6.651531
198 0.000000 146.5634 147.6054 16.52456 23.62762 32.13362
400 29.15766 203.3376 119.0875 26.03115 45.02176 25.49001
336 94.22742 197.5621 147.1977 30.71777 45.24387 35.39195
456 96.83331 0.000000 39.54007 6.234712 3.656064 3.184639
528 210.8669 73.97040 120.6123 33.37529 20.89561 20.92589
171 255.0000 116.2713 211.6483 59.76661 39.16737 66.72573
23 0.000000 255.0000 127.6044 40.23714 73.33305 32.98501
602 26.85999 106.0522 198.0410 16.64879 15.48193 55.90395
609 211.1156 31.19675 212.9110 40.00009 20.46201 64.98455
2 255.0000 255.0000 255.0000 95.10649 100.0000 108.8440
571 194.5681 206.6786 224.5878 58.58642 61.81378 79.95789
490 189.9898 18.36880 233.4613 36.86937 18.12914 79.10336
590 27.62333 229.6556 146.2104 34.53840 59.13493 37.47089
157 194.5498 154.3432 174.5878 42.28530 38.46841 46.01248
137 130.5330 0.000000 145.0411 15.25893 7.766295 28.09994
232 134.0225 0.000000 255.0000 28.60848 13.16793 95.58524
465 107.0825 66.74910 51.62967 9.590950 8.286918 5.128293
540 186.4766 75.93305 167.4421 30.66402 19.28218 39.38402
373 38.62592 127.7799 0.000000 9.428623 16.64618 3.576249
253 141.4502 176.6984 88.78663 29.23500 38.36715 16.03898
149 36.44903 219.0488 0.000000 26.82876 51.55808 9.398829
624 69.50841 126.7449 53.01243 11.58374 17.48682 6.962003
389 127.2777 57.10801 217.5638 23.63336 13.38489 67.58927
470 121.6536 192.4354 64.27759 28.57933 42.95135 12.48986
131 53.85378 0.000000 33.91752 2.783139 1.886463 2.569730
553 167.8849 191.0201 73.56530 36.62335 46.61005 14.26783
475 181.7534 190.6195 187.9012 47.38262 51.13095 55.29433
398 231.5288 255.0000 30.68144 69.44272 88.80692 15.60661
306 255.0000 177.5217 36.79767 57.82604 53.51554 9.860952
304 21.61195 132.4645 236.4813 24.61072 23.64901 83.07952
186 39.50903 82.73204 0.000000 4.889908 7.520791 2.053828
364 145.8375 214.6464 64.97208 37.62185 55.34790 14.51027
587 115.4912 184.3946 124.3948 28.74263 40.19144 26.11776
185 131.9076 76.72281 37.58786 13.35508 11.20216 4.100205
370 189.2963 73.17084 70.15447 25.31998 16.92971 8.557536
63 34.38159 40.01832 0.000000 2.417531 2.846755 1.281819
127 87.64949 38.81446 196.7378 15.61247 8.440680 53.82204
391 206.1132 93.23794 40.62864 30.51790 21.95688 5.534628
503 111.9876 137.1104 157.1391 22.52385 24.56723 36.06632
209 0.000000 255.0000 212.5090 48.23479 76.53160 75.10945
447 130.1320 144.1889 135.9064 24.43048 27.26940 27.86894
649 214.2883 112.1990 120.1509 37.66346 28.06073 21.93714
662 112.9997 93.33012 181.8615 19.99226 15.62155 46.57477
167 228.2088 33.39174 0.000000 33.29188 18.46501 2.670500
245 80.69492 41.52409 255.0000 23.00803 11.47228 95.55289
94 221.3106 144.2273 0.000000 40.52464 36.08431 5.690604
395 134.0642 116.8393 151.9206 22.62851 20.82318 33.07137
160 0.000000 0.000000 218.7187 13.62281 6.048328 67.48565
240 255.0000 130.6583 31.76417 50.07555 38.13273 6.919649
348 171.0811 212.0341 207.0081 52.11539 60.67252 68.29076
147 255.0000 179.7722 77.16001 59.27590 54.80803 15.29971
569 211.2095 34.59008 135.9088 32.63316 17.66751 25.58436
474 150.0990 234.3473 23.69615 42.85977 65.94364 12.17079
89 0.000000 255.0000 44.63316 36.86720 71.98529 15.23521
225 185.7040 138.0944 23.77334 30.14998 29.38568 5.787570
246 153.5699 124.2049 217.5193 33.74196 27.06848 69.66804
415 178.5547 0.000000 167.9029 26.29281 13.23268 38.66885
582 59.76588 59.64077 236.4883 19.47288 11.12944 80.93882
425 118.4372 171.1886 209.0724 34.31307 38.30835 66.23043
340 32.22488 255.0000 40.38029 37.38754 72.26240 14.86103
136 255.0000 202.6567 224.8108 76.32442 69.54535 80.67372
619 174.6467 222.1447 168.8162 51.39870 64.60651 47.70623
451 172.4862 165.2666 90.38074 33.16261 37.21156 15.95939
30 0.000000 0.000000 105.9905 3.575247 2.029936 14.56409
441 171.1893 132.8816 173.6655 33.48884 29.18092 44.21572
651 151.5194 237.2668 85.85074 45.44873 68.33920 20.34495
1 255.0000 255.0000 255.0000 95.10649 100.0000 108.8440
321 221.0643 220.3349 255.0000 73.83939 74.22493 104.9888
612 177.8664 233.5157 233.1582 62.72651 74.17079 88.33395
525 187.9007 115.9524 228.2476 41.58561 29.48731 77.22717
85 76.42694 69.13055 0.000000 6.099537 6.768198 1.844847
241 25.58746 65.40785 108.3551 6.004924 6.080524 15.86524
223 0.000000 218.0537 154.0381 31.61453 52.97684 39.71259
216 23.59077 123.2448 158.6960 14.57608 17.73855 35.86213
378 134.8498 166.9813 180.3915 32.74284 36.71880 49.19174
192 166.5911 0.000000 131.7912 20.80203 10.73467 23.38020
309 158.2445 174.9772 46.08796 30.67157 38.76134 9.295012
527 59.18323 160.8232 189.3996 24.52164 30.75280 53.40726
172 196.8802 170.8252 149.7916 43.58571 43.67896 35.48278
479 157.8042 61.53948 22.32866 16.74971 11.59822 2.984518
106 104.2240 87.01410 76.73467 11.37050 11.20438 9.328117
319 0.000000 37.39197 149.0595 7.042902 4.484067 29.53705
452 50.71376 25.50614 224.4466 16.07371 7.751139 71.66156
88 219.5707 0.000000 144.3263 35.10229 18.00389 28.74558
281 202.3695 0.000000 111.3681 28.07510 14.62910 17.20340
636 80.55758 132.9013 175.5448 20.32742 22.37772 44.55124
166 189.0803 67.29029 197.5181 33.83888 19.74561 55.50893
62 0.000000 45.36353 71.98354 3.100442 3.348429 7.411355
250 156.0130 142.7093 121.2115 27.68826 28.73286 22.92885
96 192.3897 255.0000 174.9825 65.68473 86.01119 54.15818
371 94.03910 121.1583 24.89656 12.53543 17.00283 4.386466
11 255.0000 0.000000 0.000000 41.83017 22.05217 2.913230
640 237.8718 223.3948 183.4940 70.61091 74.83594 56.21913
572 228.6327 225.8836 30.49292 60.00960 71.31363 12.71398
383 255.0000 80.64749 184.8619 53.37327 31.28784 49.46636
3 255.0000 255.0000 255.0000 95.10649 100.0000 108.8440
677 225.7139 27.12274 50.62917 32.93799 17.97988 5.654818
286 194.8487 107.1853 146.3222 33.62979 24.98103 30.97133
449 202.4149 122.5890 201.6610 42.70402 31.61935 59.84122
320 142.3345 142.9822 167.4042 28.76676 28.94270 41.33044
382 132.8332 226.3537 255.0000 55.44367 67.10787 104.5839
438 235.0701 116.0810 183.4066 49.64059 34.28622 49.44888
507 233.6888 237.0508 68.50666 65.54017 78.67686 18.09114
567 18.82118 20.51354 13.99894 1.597661 1.680112 1.511203
283 130.5831 255.0000 80.30286 47.05318 77.12354 20.84260
324 55.41433 71.30276 88.18501 6.584047 7.015810 11.04998
426 149.4325 202.6317 170.5419 41.64226 52.37107 46.70383
446 0.000000 110.4837 214.8441 18.69678 16.99227 66.71772
476 230.5525 170.6795 232.2859 62.30464 52.24598 83.47800
51 128.6171 179.1901 155.2684 31.78384 39.93490 37.72113
614 160.1727 65.74399 220.2065 30.11881 17.37198 69.82249
478 235.4811 53.87634 139.7440 41.04641 23.03805 27.61734
252 149.2108 64.21277 153.5114 20.87119 13.29398 32.39113
615 238.7808 179.0451 199.5323 62.40670 55.17388 62.05343
547 145.7892 150.7342 19.89725 23.73783 28.90776 5.840116
480 184.1859 181.2453 227.5706 50.83007 49.44910 80.10578
205 63.50581 21.06003 122.6159 6.844216 4.002282 19.70438
419 45.52183 177.2622 103.7380 20.17257 33.77900 19.21827
603 201.2441 45.03353 97.52951 28.00423 16.05427 13.81190
536 208.4721 94.06863 91.08424 32.72782 23.03281 13.40238
397 142.8696 102.9179 178.1378 24.95679 19.54528 45.10105
408 120.3900 18.07333 44.64297 9.399943 5.597168 3.867994
357 73.37104 209.4516 0.000000 26.43239 47.77892 8.690217
637 107.4059 135.3660 237.4214 30.87587 27.45243 84.19670
105 67.17345 192.3208 255.0000 39.90709 46.79468 101.4811
349 71.20438 227.3397 226.0427 44.47347 62.34189 81.83554
305 79.58611 113.0281 0.000000 10.09055 14.36869 3.101764
343 192.4083 203.9635 91.78834 45.89825 55.64517 19.16248
430 26.19403 175.6575 202.5484 27.35104 36.07263 62.05538
125 23.82364 176.0933 124.8277 20.41232 33.42611 25.39361
504 134.2490 161.3275 113.9423 26.45226 32.58725 21.50497
251 103.7134 88.94706 226.2876 23.78242 16.41285 74.23432
526 202.1059 152.3500 233.7918 50.99111 41.66053 83.14777
218 53.92867 141.6259 161.1173 18.40394 23.36742 37.84600
193 0.000000 49.82988 186.6045 10.96097 6.778871 47.92928
224 186.5346 46.33615 0.000000 22.15767 13.36392 2.272261
102 215.5363 0.000000 220.0657 41.70089 20.50511 69.72035
420 21.46979 70.61230 179.7500 11.65406 8.827514 44.57913
512 181.3600 109.5007 23.92389 25.58027 21.76918 4.566129
330 202.9597 207.8223 177.9553 55.61401 61.31922 51.45481
599 49.17269 104.2408 104.3851 9.680882 12.49712 15.83362
667 136.5214 82.23206 235.8119 29.10444 18.21935 81.28937
405 49.93902 69.01225 132.8149 8.586125 7.556211 23.77484
202 37.03178 0.000000 66.51386 2.745192 1.785468 6.243006
100 174.8399 87.18582 0.000000 21.85724 16.78418 2.948293
334 53.95040 26.50719 154.8681 8.727319 4.867392 31.99181
158 146.5273 175.9784 0.000000 28.19640 37.82914 6.676712
56 255.0000 137.5722 255.0000 68.63894 47.07230 100.0214
8 0.000000 0.000000 0.000000 1.000000 1.000000 1.000000
564 168.5517 86.47172 49.10690 20.98783 16.18740 5.768176
623 18.72922 169.0949 235.6716 30.26845 35.23615 84.40716
443 94.21110 103.0209 115.5396 13.49056 14.21220 19.11661
607 198.7287 24.49440 19.08410 24.69858 13.70059 2.817279
34 95.39774 180.0147 0.000000 21.87570 35.75029 6.608332
257 102.3577 105.8854 153.9883 17.33045 16.30813 33.36526
302 169.9623 0.000000 214.1027 29.43508 14.26972 65.13358
604 199.9776 164.5826 208.3082 49.13393 44.17026 66.09109
473 186.9714 18.52488 94.86357 23.54458 12.71870 12.76401
523 183.3371 196.1371 44.72870 40.45239 50.33930 10.87756
429 224.5378 199.7019 105.0799 54.50998 58.54535 22.54603
129 207.4256 0.000000 0.000000 26.59431 14.19651 2.199305
161 255.0000 73.90782 145.7576 49.36680 28.93525 30.67764
413 80.93817 53.66380 77.29843 6.981753 5.845058 8.628138
360 31.35602 71.40935 44.53985 4.287115 5.990892 4.203068
173 255.0000 111.6190 114.9762 50.58781 34.66569 20.94206
134 129.1016 0.000000 67.51068 10.99690 6.036648 6.784309
262 255.0000 163.7731 217.6652 67.41989 53.24935 73.04688
661 194.2714 231.5210 145.2017 56.60872 71.28883 38.24821
560 18.72885 238.4838 107.3547 34.31760 63.00588 25.08634
531 185.9861 253.3938 28.36785 56.15705 81.21035 14.68887
236 255.0000 216.4039 83.88518 67.82493 71.50688 19.37319
407 0.000000 224.9429 224.0786 40.97457 59.61001 80.10080
140 208.6482 255.0000 255.0000 80.21107 92.31987 108.1461
548 114.1214 26.29282 203.8953 19.03695 9.605546 58.21895
231 187.6573 201.8007 150.5551 47.80901 55.46499 37.85509
266 123.1381 212.3580 210.0443 44.02846 56.57908 69.87253
184 161.4908 74.90166 188.5360 27.17901 17.13915 50.15284
228 54.39772 203.9572 230.7318 38.13938 50.21519 83.21580
335 25.90720 15.46301 103.3320 4.035560 2.543590 13.93235
345 40.44715 172.7516 0.000000 16.63188 30.94790 5.957515
643 40.77837 85.29622 215.1688 17.30172 12.80572 66.19967
288 60.75798 90.36899 27.63396 6.744622 9.356632 3.375869
123 172.4157 255.0000 0.000000 53.33988 80.53209 13.59536
375 52.71227 45.25923 187.6909 12.33176 7.200430 48.54297
29 168.0844 0.000000 0.000000 17.00579 9.252637 1.750003
461 27.60867 56.06243 223.7813 16.15859 9.360823 71.49896
463 168.0776 98.82364 88.58123 23.17334 18.75982 12.52886
498 237.3988 202.7961 135.5091 61.17182 62.82940 32.65177
529 239.4007 14.45439 14.51197 36.62054 19.59642 3.143288
416 34.27661 152.4242 64.19178 13.76899 24.07718 9.613899
399 215.3894 232.2796 166.6154 64.37828 75.40078 48.04399
585 233.2619 207.8418 205.9287 67.67057 67.18752 68.04620
660 126.3915 39.67019 26.36845 10.50497 6.977663 2.642581
352 38.87977 255.0000 218.3310 49.80150 77.25348 79.06061
358 81.15081 97.73767 184.5507 17.29579 14.78657 48.01106
344 104.5038 199.8142 255.0000 44.98817 51.89942 102.1989
404 47.52582 116.5347 142.3997 13.29329 16.04364 28.75559
290 166.2657 115.1300 60.96925 23.54256 21.55692 8.148585
377 255.0000 224.6025 204.1629 79.19242 79.47186 68.70357
543 85.02363 162.0309 231.0930 31.80260 34.22164 80.72704
95 187.2519 142.9503 108.9870 33.80085 32.01829 19.58398
91 255.0000 159.6375 0.000000 54.21414 46.81665 7.041256
292 205.4943 229.6123 80.28659 55.41539 70.31051 19.08392
588 84.12421 194.5947 230.4011 38.05977 47.00809 82.35900
488 238.0109 17.34608 235.0355 50.96879 25.34870 80.93017
6 0.000000 0.000000 0.000000 1.000000 1.000000 1.000000
323 118.6068 45.98216 164.7037 16.14298 9.467656 36.94931
542 96.50860 151.7949 26.83994 17.10705 25.73224 5.942983
428 235.2660 186.3248 55.22629 53.14820 53.70980 12.03559
495 35.79542 42.84226 87.95834 4.305199 3.763612 10.49343
310 255.0000 33.81611 134.2595 46.66971 24.88542 25.63496
570 45.44599 220.5036 183.8237 36.10901 55.91461 54.56291
516 232.4940 172.1561 141.2837 53.52360 49.24927 32.61198
576 96.32347 174.7020 51.71897 21.53765 33.95963 9.465036
177 80.45805 231.2373 255.0000 50.54314 66.56443 104.7371
442 69.95547 97.80188 224.9789 21.25658 16.27893 73.41103
635 227.7870 145.5997 193.9481 52.36136 41.38082 56.60345
427 129.7088 69.75601 189.9146 21.41653 13.65934 50.56283
143 255.0000 0.000000 206.5327 52.92454 26.48922 61.34843
312 202.5280 113.9654 0.000000 31.21054 25.41272 4.121231
97 151.2370 255.0000 179.2411 57.16469 81.56957 55.95529
316 71.25181 87.18243 255.0000 24.85117 16.26036 96.38006
81 45.06900 0.000000 255.0000 19.94555 8.701300 95.17931
199 100.8526 220.7193 173.0533 39.29697 57.76614 49.11916
435 228.3964 144.7658 118.2002 46.04060 38.67291 22.93500
163 92.04222 79.05902 139.2745 12.78032 10.65264 26.53639
466 225.1551 91.27801 159.6264 41.76818 26.82941 36.60452
439 223.4778 73.66797 68.36812 34.72179 21.83201 8.719462
259 230.9899 255.0000 182.7963 77.47105 91.99779 58.79310
431 63.68895 218.2008 153.2105 33.65767 54.09428 39.46393
315 12.66702 145.8585 32.81482 11.58407 21.49774 5.810683
645 120.4650 141.4130 212.5046 30.05259 28.69683 66.83067
532 70.96428 19.21005 180.5539 12.01678 6.077799 44.45492
45 208.8614 255.0000 0.000000 62.39960 85.20331 14.01989
502 29.97535 138.3122 196.6165 20.50682 23.32914 56.36616
101 64.40124 183.5277 43.55203 20.43456 36.01163 9.050966
249 255.0000 144.9566 104.1916 54.33213 43.07940 19.33399
72 63.87617 255.0000 49.80366 39.05642 73.10204 15.87984
522 165.1231 230.4500 113.2975 47.49616 66.39370 26.73246
13 0.000000 255.0000 0.000000 36.40521 71.80052 12.80184
130 205.2393 169.1921 88.50223 41.83936 42.75305 16.16002
26 91.40472 0.000000 255.0000 23.18223 10.37014 95.33097
41 0.000000 142.4265 109.5660 13.40323 21.38241 18.76762
403 108.4604 230.6457 233.5071 50.00689 66.41915 87.76685
48 0.000000 255.0000 85.06800 38.03133 72.45086 21.36677
386 194.5834 77.28713 17.59391 25.92792 17.76997 3.473808
455 39.89724 0.000000 140.7085 6.601046 3.339818 25.99921
353 92.48439 255.0000 112.4113 43.74143 75.24554 28.38026
487 152.1175 39.25714 236.9144 29.69090 15.12252 81.49410
287 129.5307 255.0000 216.6747 57.80694 81.40587 78.31857
632 35.78024 196.9092 46.91472 21.96682 41.05999 10.28279
376 214.6757 255.0000 90.62812 65.91063 86.79919 23.86151
219 0.000000 170.8881 179.9315 23.54717 33.05034 48.72433
440 182.2296 80.44495 130.7468 27.06517 18.23531 24.12969
31 255.0000 50.67324 255.0000 60.85927 31.51515 97.42819
492 157.8835 53.00572 95.71884 18.27608 11.53837 13.01627
145 0.000000 148.8574 213.0320 23.51373 26.99137 67.19295
275 255.0000 225.4709 125.0062 72.27985 77.07920 31.14734
328 215.2599 113.6784 255.0000 52.61436 34.33404 98.40656
381 170.3253 180.8020 161.1336 40.18360 44.68609 40.82150
118 139.9357 68.83487 0.000000 13.79398 10.70876 2.200237
154 68.00398 231.1631 88.07878 33.44534 59.58318 19.75939
298 210.8439 190.1102 205.9190 56.82760 55.60191 66.37477
261 183.4018 111.9431 113.2821 29.12647 23.66362 19.44731
33 255.0000 71.60428 103.5826 46.55228 27.57082 16.58971
390 238.1438 236.7596 231.0895 80.16558 84.56194 87.89445
104 228.3109 0.000000 35.67916 33.08516 17.50730 4.124079
22 255.0000 255.0000 160.0858 83.52510 95.36818 47.84366
42 139.9255 109.1717 0.000000 17.12787 17.37810 3.312026
40 185.3553 144.4444 255.0000 48.70593 38.28399 99.37487
448 93.42942 183.7662 176.8434 30.27661 40.30291 48.15544
356 52.36185 176.7249 72.07424 19.09354 33.21710 12.34993
558 58.09461 170.9566 220.6424 30.01803 35.85923 73.69692
204 127.5577 108.4495 255.0000 32.97543 23.36911 97.32436
481 233.6776 101.3891 51.35689 39.73426 27.79592 7.274948
621 64.96002 154.8779 31.15505 14.98754 25.37689 6.263143
296 159.5309 74.05582 255.0000 35.55975 20.35573 96.60658
229 85.46804 255.0000 78.16609 41.52393 74.28158 20.17997
566 213.8153 151.5431 25.50091 39.62532 37.28457 6.908749
271 229.7726 72.02658 93.81807 37.52498 23.00960 13.76946
634 15.94987 124.4008 119.0622 11.69717 16.79859 20.78916
541 111.9451 65.22193 98.06746 11.67886 9.049568 13.45116
318 210.5300 51.24699 55.67208 29.34551 17.28961 6.315067
248 33.59691 203.6723 156.4362 28.91959 46.31806 39.61696
392 56.29311 120.1374 80.17304 10.73711 15.74737 10.88292
545 99.63885 68.02907 198.5581 18.36809 11.82034 55.41690
628 61.82923 212.8290 123.2581 30.02764 50.45539 27.65872
227 59.47635 126.2643 230.6920 24.47195 22.46803 78.55046
9 255.0000 255.0000 0.000000 77.23538 92.85269 14.71507
211 121.8254 0.000000 219.1246 21.59754 10.15401 68.13550
489 87.32589 125.4122 88.57396 14.00189 18.35218 12.93164
260 207.6930 127.9199 44.37267 34.75789 29.67996 7.154410
537 146.4512 36.18131 189.4326 22.58676 12.00800 49.90949
511 151.8291 125.5145 36.37939 21.43515 22.37123 5.732117
58 103.2300 160.2034 255.0000 36.91623 35.97476 99.55006
460 235.1063 91.97487 130.1929 42.74442 27.68102 24.93327
120 206.6263 63.84911 148.5634 33.51657 19.82988 30.89961
592 210.4259 128.6997 166.1484 41.99594 32.82492 40.78135
437 231.4923 154.7345 165.1770 52.08660 43.71920 41.89135
327 235.4761 110.3970 92.25514 42.56315 30.46392 14.58341
673 175.6125 132.4408 144.2909 31.87487 28.55252 30.93770
138 78.35349 45.68391 106.6855 7.705727 5.572981 15.21888
565 85.60179 27.99843 157.4754 11.24028 6.188432 33.26241
583 136.0318 141.0374 90.37546 22.33646 25.79187 14.32407
339 119.5999 235.2778 20.77273 38.23828 63.95510 11.88259
409 187.9014 167.5937 0.000000 35.29846 39.14972 6.557571
242 67.02567 66.03780 206.9379 16.36790 10.50077 60.44433
168 37.00057 128.8596 44.02422 9.960040 17.07568 5.993302
655 78.51758 160.7881 160.6044 23.06939 30.31919 38.70762
354 151.3770 156.3113 210.3288 37.08556 35.81463 66.41428
258 235.3728 62.27533 40.05119 37.14296 22.14473 5.170509
513 106.6269 19.28963 136.7414 11.64654 6.323840 24.80820
573 232.5955 197.1183 162.7392 60.45673 60.27944 43.50441
74 0.000000 76.43390 94.85760 5.627181 6.991618 12.60079
530 148.0291 76.04375 79.13825 17.06066 12.92072 9.806742
159 153.1077 85.38662 117.6950 20.49263 15.49623 19.65099
469 71.97191 232.8930 197.2634 42.47177 63.99740 63.44418
580 22.22053 238.6841 181.6008 40.12022 65.42751 54.98906
639 61.80705 185.4382 135.2544 24.57026 38.27740 29.74682
7 0.000000 0.000000 0.000000 1.000000 1.000000 1.000000
597 25.69499 237.5074 237.8985 46.80841 67.56890 91.46444
295 174.6810 179.3296 255.0000 52.32948 49.18253 101.2878
333 192.3841 0.000000 40.81764 23.01176 12.30386 4.083654
82 0.000000 45.88072 0.000000 1.962695 2.925120 1.320901
156 116.9238 116.9351 86.80103 16.23900 17.99732 12.36563
366 231.0736 53.62193 204.6798 45.81175 24.76018 60.22347
14 255.0000 0.000000 255.0000 59.70128 29.19948 97.04219
201 255.0000 30.27836 89.95033 44.12192 23.71530 12.68167
653 231.1497 60.16184 234.8078 50.10290 26.99033 81.12196
669 136.9630 25.07192 135.1075 15.89105 8.689261 24.43875
568 23.37832 236.2703 66.28714 32.11550 61.11924 16.11432
53 0.000000 255.0000 173.6535 43.93606 74.81238 52.46760
121 0.000000 77.08219 44.98217 4.101864 6.453171 4.346026
663 179.9683 142.3031 204.2334 40.06860 34.17233 62.06397
642 116.8827 15.41805 176.4233 16.22302 8.206569 42.48326
278 100.7958 140.5063 58.86626 16.42751 22.75351 8.466094
90 255.0000 111.2026 159.5606 53.72441 35.84782 37.68584
280 154.3708 216.6362 0.000000 38.73794 56.78002 9.779581
194 128.6766 39.04180 255.0000 28.50553 14.18294 95.78658
24 107.7959 255.0000 255.0000 60.37466 82.09216 107.2166
665 94.73920 59.52533 229.8195 21.33724 12.19112 76.09472
417 155.2555 150.0129 63.97593 26.14760 29.88903 10.05185
618 161.3997 212.7173 137.8271 43.64921 57.32488 33.37283
491 224.4630 89.60067 236.9804 50.29563 29.98973 83.32874
608 77.63074 81.58880 57.24120 7.774711 8.795956 6.012721
10 0.000000 0.000000 255.0000 18.87111 8.147314 95.12896
351 119.4829 31.07223 92.70104 11.02805 6.668502 11.75294
670 23.33216 30.64811 129.7634 5.807116 3.725502 22.10492
509 244.5781 120.3908 235.8619 59.80332 39.52596 83.82305
148 213.9752 0.000000 183.4051 36.95318 18.55391 47.07950
372 127.9803 218.8811 151.5463 40.43480 57.86432 39.12474
616 185.9729 72.05060 101.2796 25.67884 16.86385 15.02622
117 72.37509 151.0128 0.000000 14.63257 24.29323 4.778270
256 149.2440 52.38350 52.82256 15.18041 10.06800 5.317884
44 158.9208 255.0000 255.0000 68.41676 86.23869 107.5934
126 195.0182 109.0037 69.52763 29.78128 23.75098 9.536806
289 104.6517 162.1804 141.1868 24.32488 31.50600 30.68732
18 255.0000 0.000000 109.4625 44.58786 23.15507 17.43824
112 255.0000 219.3131 39.73833 67.36615 72.51736 13.27454
598 24.82661 192.0186 18.69867 20.17322 38.57614 7.840318
39 255.0000 255.0000 104.8156 79.75053 93.85859 27.96265
124 209.4341 73.33338 255.0000 47.40672 26.39354 97.14809
37 174.1166 0.000000 255.0000 36.17894 17.07129 95.93997
178 178.0135 219.8989 255.0000 62.36483 68.14030 104.4186
656 26.33902 8.970119 38.92478 1.888136 1.559194 2.955545
179 221.8506 80.42580 0.000000 33.65074 22.09597 3.352482
544 153.8212 97.68631 22.98745 18.60867 16.43619 3.854317
66 0.000000 125.7423 175.1085 16.02598 18.77466 43.85924
515 61.99633 27.09841 81.52860 4.847110 3.390442 9.071240
313 20.14406 186.7577 70.68107 19.94767 36.67654 12.73911
208 219.1936 255.0000 132.4140 69.53774 88.40355 36.02724
50 92.51795 0.000000 174.9679 13.07924 6.342316 41.54297
5 0.000000 0.000000 0.000000 1.000000 1.000000 1.000000
575 57.69933 147.2528 98.73472 15.29677 23.50407 16.21516
577 153.6744 186.2668 228.3652 45.48822 48.21239 80.72103
243 37.43859 171.1962 255.0000 34.09730 37.45112 99.98351
60 51.34422 255.0000 255.0000 55.64523 79.65365 106.9949
68 255.0000 255.0000 212.6515 89.08283 97.59092 77.11683
444 137.3892 57.43943 116.9681 15.92473 10.50971 18.70634
559 176.4295 233.3077 72.61609 48.93714 68.52489 17.68584
78 255.0000 255.0000 55.09930 77.92049 93.12669 18.32363
554 81.22588 190.6214 21.95158 22.88607 39.52281 8.032601
47 255.0000 181.9847 176.4955 66.19652 58.28780 49.55561
299 58.95500 64.85501 161.2865 11.04070 8.202785 35.38420
458 115.7052 192.9609 228.8160 40.94163 47.98593 81.24281
220 255.0000 38.98552 179.3182 50.63597 26.72234 45.75259
297 118.7676 142.7462 0.000000 18.18794 24.23929 4.580602
551 202.4565 143.6076 135.3483 39.40729 34.86674 28.34144
546 110.0185 50.86181 128.8708 12.44958 8.181288 22.30617
187 221.3221 34.71281 255.0000 49.07752 24.59263 96.71247
423 119.5550 240.0853 109.5063 42.24365 67.76945 26.18590
638 150.4254 120.3599 244.3176 36.43823 27.32939 89.22474
387 156.6315 21.79036 54.24426 15.64043 8.887461 5.237478
591 92.68354 20.04967 100.4832 7.986922 4.705234 13.40875
668 125.4800 55.31832 71.09167 11.93959 8.539660 7.797937
212 200.0519 102.5255 176.1877 37.12920 25.78653 44.65430
484 47.93561 217.4842 66.42354 27.88028 51.38902 14.48018
98 117.9295 255.0000 156.9676 49.81547 78.01826 44.87048
59 44.32269 255.0000 0.000000 37.44737 72.33786 12.85067
401 212.5206 133.2080 93.03042 38.32048 32.38260 15.35468
562 16.93318 106.0065 17.04410 6.431777 11.36331 3.241306
500 38.77958 142.7721 123.3776 15.07449 22.22755 23.03646
368 0.000000 91.09719 173.3854 12.21726 11.42491 41.76732
331 177.5594 46.37876 164.9644 26.78073 14.97266 37.57471
19 255.0000 181.9112 255.0000 76.24527 62.28285 102.5569
517 21.10072 95.47279 94.66495 7.432243 10.15751 13.07150
190 150.7811 213.5845 229.1153 51.31814 60.50226 83.32922
307 146.4394 15.14691 222.0928 26.05142 12.65931 70.43306
393 23.09821 157.2093 93.47229 15.30150 25.91374 15.42033
207 108.4019 191.1706 94.62626 27.68254 41.95369 18.13345
493 231.2303 23.74575 161.8243 40.46090 21.07339 36.56641
424 88.97314 200.0783 69.96934 26.63723 44.46805 13.77349
308 53.21760 23.93641 20.67832 2.918138 2.451866 1.866429
483 108.7533 223.8387 79.98806 34.99549 57.46639 17.62273
410 196.3225 231.1438 114.4519 54.98687 70.53346 27.47774
200 95.51552 255.0000 187.4823 50.06280 77.80928 60.06889
110 255.0000 152.2485 144.3851 58.00034 46.36771 33.03805
557 215.2355 53.65177 18.86186 30.21967 17.96708 3.340207
671 202.7612 171.9550 119.3812 43.23670 44.05811 24.48964
388 40.82529 182.7956 177.4584 26.52475 38.06664 48.23996
265 0.000000 87.89722 255.0000 22.31786 15.03986 96.27789
38 0.000000 209.2391 255.0000 41.50350 53.40577 102.6732
610 148.1912 240.4926 231.1978 58.42893 74.95533 87.26442
676 100.2307 232.6419 140.9122 39.73176 63.08810 35.86598
84 255.0000 185.5167 125.9755 62.84125 58.10604 28.30518
579 183.4626 151.4947 52.27492 32.09917 33.34158 8.854493
79 0.000000 209.3935 189.2076 32.78657 49.97965 56.57484
555 113.3923 237.5710 199.4956 48.20387 68.89398 65.42766
355 146.8972 185.3855 130.4910 34.17366 43.25035 28.49426
109 0.000000 170.4585 255.0000 33.18848 36.77805 99.90146
115 65.96062 127.3931 119.6869 14.12404 18.60725 21.20603
369 149.7060 23.09700 112.1464 16.60819 9.164824 16.97699
644 229.6871 204.3602 76.18288 55.97088 61.04739 16.49993
611 21.35706 110.3800 62.04354 7.737098 12.62758 7.409082
183 64.01043 55.25370 51.75972 5.066953 5.051791 4.757202
285 36.86277 255.0000 135.8453 41.54472 73.94281 35.95439
361 38.80268 162.5260 146.6696 19.89371 29.26299 32.66224
422 12.94613 71.24745 68.60313 4.461413 5.997172 7.294185
80 124.2182 91.28681 127.3773 16.80633 14.24149 22.73546
625 213.0079 179.3505 175.5245 51.91227 50.14861 48.23794
584 220.5372 195.6245 29.29649 50.06669 55.15453 10.03941
472 185.5421 173.4646 28.53860 36.03616 41.12914 8.022526
25 128.9371 255.0000 0.000000 45.35905 76.41715 13.22140
77 173.4971 255.0000 94.52258 55.60024 81.46347 24.26528
467 120.9975 174.0327 19.40644 23.91846 35.05308 6.994462
16 0.000000 170.9050 0.000000 15.40068 29.79733 5.800266
270 225.2652 184.0595 0.000000 48.80737 50.85393 8.105333
550 236.4879 18.30925 191.2193 44.96278 22.91290 51.85219
406 55.44521 118.1308 188.8710 18.09399 18.30543 51.04487
617 23.21587 152.3214 170.6005 19.76350 26.41252 42.87431
675 131.9451 95.81405 64.26918 15.46110 14.47071 7.681930
61 45.88439 255.0000 179.2032 45.59199 75.60308 55.39319
674 106.5917 161.2393 85.83555 21.27105 30.04895 14.22404
365 100.0488 144.8952 112.5390 19.14322 24.87101 19.98915
561 24.34047 198.4529 236.8348 36.58807 47.42691 87.30617
103 212.2234 187.7261 255.0000 63.56342 57.52934 102.3073
237 208.7289 200.5542 130.5843 51.56230 57.14237 30.29267
67 51.90073 0.000000 101.2249 4.733658 2.654819 13.37264
506 229.4308 121.3902 17.23996 40.04690 31.23751 5.315166
445 26.19048 95.08562 157.0165 11.51274 11.74769 34.11731
462 225.9787 200.8041 233.6469 67.33389 64.13062 86.51655
552 25.20351 99.29886 239.1221 21.29102 16.27371 83.84301
164 255.0000 84.43873 32.10697 45.26243 28.50048 5.337984
626 13.52342 190.8188 170.4475 26.80474 40.78718 45.20272
195 205.8927 205.6558 60.75887 48.76910 57.84399 13.79506
21 83.79080 0.000000 0.000000 4.601310 2.856847 1.168751
601 59.42535 57.74837 22.57395 4.445215 4.963816 2.364440
238 231.3323 228.4493 0.000000 61.32449 73.05132 11.73082
432 162.8911 27.46110 25.10123 16.50550 9.566026 2.753313
359 0.000000 122.9076 37.11142 8.333707 15.13367 5.084351
93 85.10127 0.000000 78.48124 6.096862 3.468493 8.435814
508 125.6481 108.0215 215.9698 27.04698 20.89397 67.78398
233 75.38095 96.00053 86.56923 9.729699 11.45241 11.39615
620 89.17798 44.14118 39.53961 6.364276 5.054066 3.447630
300 217.9568 255.0000 220.1243 77.82509 91.67545 81.59604
87 0.000000 146.7582 68.15507 12.33076 21.99818 9.896922
402 38.07759 151.0528 226.8388 26.46515 28.81832 76.88161
86 139.9395 190.1327 255.0000 47.82802 50.17647 101.7167
75 173.7587 38.59557 255.0000 36.80527 18.44089 96.17136
152 88.40454 170.9195 202.1861 30.00276 36.10684 61.69901
630 24.31506 90.78474 127.1562 8.869072 10.08757 22.27665
175 39.04705 0.000000 0.000000 1.830151 1.428028 1.038899
505 138.6594 228.2687 187.1235 47.92069 65.03841 57.51671
459 79.85901 0.000000 216.8164 16.64023 7.632596 66.34185
436 0.000000 181.9564 141.3523 22.33922 36.01579 31.72651
197 200.0439 255.0000 52.82034 60.63169 84.21865 17.23702
196 255.0000 218.2083 165.1811 73.44694 74.49341 46.70862
518 184.3419 29.54259 45.93888 21.58727 12.22384 4.635692
394 37.45174 33.78125 48.46068 2.869376 2.733038 4.054888
155 255.0000 221.6821 255.0000 85.47988 80.74949 105.6351
264 218.0107 79.37520 193.9406 42.05891 25.20400 54.01913
234 150.3993 190.1640 198.0318 41.88719 48.02268 60.85050
363 234.7541 159.8287 42.10483 47.67249 43.44426 8.913829
165 68.78494 102.0863 155.7047 14.04396 14.03526 33.84709
291 103.1810 32.85221 66.25636 8.074051 5.327045 6.606289
329 79.42168 255.0000 222.2458 52.71925 78.69839 81.88255
133 225.1364 137.4943 221.6516 53.71950 39.92595 73.93232
658 199.9015 89.60878 215.2641 40.32182 25.18987 67.44146
347 230.6128 13.62159 120.5105 37.04173 19.41478 20.41468
337 0.000000 213.9771 38.24388 25.15256 48.73797 10.77919
119 0.000000 73.96249 217.9945 15.95076 10.85404 67.79758
652 188.8847 20.83662 149.4236 27.41658 14.38499 30.52642
46 255.0000 0.000000 55.71079 42.52992 22.33202 6.598884
496 240.1873 178.0775 101.4652 54.76713 51.86688 20.29823
453 91.50960 63.45402 167.1841 14.02909 9.566064 38.26054
141 49.22706 0.000000 178.3596 10.25695 4.848504 43.15421
457 29.26038 217.3062 209.1822 37.57081 55.11139 69.37302
28 0.000000 86.92281 0.000000 4.368197 7.735453 2.122742
180 148.9454 206.4207 96.46604 37.32587 52.06593 20.01478
411 195.6004 229.3105 17.59948 51.36732 68.25517 11.87931
666 184.0617 59.49580 39.35940 22.52768 14.39282 4.383297
277 147.8577 0.000000 34.48382 13.35874 7.338336 3.107766
556 92.84136 214.4037 114.2728 32.38532 52.31695 25.09868
595 106.1226 155.4704 182.0142 26.94322 30.74783 49.21037
153 0.000000 108.4071 129.3037 10.29518 13.27949 23.55326
235 159.1597 154.6607 148.5903 32.07531 33.54543 33.63413
230 66.52360 197.8026 92.75053 25.15391 42.83563 18.00161
342 157.3297 123.7917 97.72620 24.11055 23.21744 15.44767
533 82.99872 75.52921 106.6976 9.670331 8.918424 15.76444
332 154.2827 114.2858 129.6046 24.20002 21.39285 24.49135
578 26.35715 48.57196 28.38825 2.712788 3.446252 2.494225
54 255.0000 136.3809 68.56044 51.65027 40.00974 11.36742
664 30.20875 151.4168 12.39033 12.62760 23.34731 5.058260
586 46.98607 44.97406 115.1500 6.160503 4.682803 17.54638
188 0.000000 212.2819 0.000000 24.37975 47.75297 8.793317
629 167.8469 50.92209 134.1991 22.39864 13.27334 24.64986
613 74.39880 158.6888 130.8562 20.09518 28.51669 26.51982
454 222.2102 154.5482 255.0000 60.29049 46.61627 100.3731
55 255.0000 56.12912 0.000000 43.23652 24.86447 3.382017
70 255.0000 142.5903 182.7219 59.92829 44.75093 50.55686
678 246.9334 18.59926 70.39848 40.28428 21.45935 8.683923
524 122.0854 194.5023 183.4563 36.67920 46.92382 52.59793
12 0.000000 255.0000 255.0000 54.27632 78.94783 106.9308
139 0.000000 0.000000 33.62769 1.280582 1.112215 2.477852
15 0.000000 131.9670 255.0000 27.03608 24.47497 97.85064
650 227.3451 125.5908 66.55948 40.79682 32.29106 10.13442
69 177.6818 255.0000 218.4529 67.09890 86.17025 79.95386
273 186.7473 34.46582 119.0012 25.10518 13.90761 19.50591
679 58.62095 118.3573 21.00684 9.353524 14.87291 3.940829
301 180.0762 255.0000 136.0078 59.45858 83.17793 36.85346
497 74.06140 17.82226 54.38484 4.680219 3.133861 4.721373
464 67.23704 194.8752 168.5435 29.64977 43.59098 44.66248
421 233.6020 233.6321 140.4580 68.21282 78.18912 37.10591
482 175.6615 41.53526 208.5000 30.78777 16.24031 61.78888
433 141.0483 133.1223 193.3641 29.77492 27.07866 54.69254
36 141.8012 255.0000 126.8334 51.19800 78.99027 33.23827
303 211.0366 0.000000 255.0000 45.47851 21.86618 96.37574
142 73.42260 255.0000 141.1815 43.93083 75.12862 38.07311
284 255.0000 99.19229 71.92932 47.42163 31.38445 10.47963
346 93.56485 115.0314 212.9565 23.48536 20.23247 65.84001
600 50.74543 92.92783 64.94824 7.151449 9.805025 7.320405
412 225.7913 33.10445 86.76451 34.22266 18.73721 11.55356
144 107.2961 92.97363 0.000000 10.91168 11.85882 2.574037
471 192.9140 227.0821 47.02414 50.47937 66.84880 13.77053
659 232.9843 90.57684 20.95540 38.06712 25.54059 4.485234
672 166.4079 150.5726 234.3255 42.29370 36.74533 83.05534
338 152.3868 240.3837 151.6180 50.43533 71.79612 41.31767
169 178.2705 0.000000 72.48010 20.41283 10.87357 8.036543
648 34.41796 98.75642 39.00811 6.424328 10.27718 4.406623
214 114.7528 213.7746 0.000000 31.71938 52.08910 9.243751
268 24.66607 127.7967 92.02870 10.91905 17.19650 13.63755
314 0.000000 187.4042 218.8512 31.31912 41.40840 73.46960
510 229.9393 44.07583 113.5561 37.16631 20.63014 18.51878
282 57.05783 197.8861 200.7337 33.04895 45.95560 62.54990
501 89.11184 126.0639 138.4420 17.05818 19.72556 27.74699
135 209.3175 232.4707 199.8150 66.12452 75.98364 66.04571
631 124.0642 236.1978 55.65571 39.69149 65.02753 14.98291
486 233.6690 129.0388 143.3923 47.20270 35.79369 31.17204
182 133.3514 161.7819 233.8728 38.07194 37.34439 83.05549
434 146.9331 32.08435 0.000000 13.41481 8.163418 1.728883
468 226.8383 154.3700 73.86322 45.03400 40.63264 12.72292
269 0.000000 176.2385 91.54747 18.31073 32.58809 16.11035
83 44.09959 255.0000 92.04905 39.35258 73.09872 22.93538
132 225.8043 0.000000 81.20628 33.46977 17.57055 10.23781
32 109.2075 73.97361 255.0000 27.56316 16.22459 96.23032
71 118.1461 99.10189 29.57834 13.07050 13.76775 4.017431
593 94.71513 21.18940 19.84368 6.035775 3.981334 1.958460
646 156.9036 23.62255 158.9415 21.25454 11.19582 34.35787
244 144.6911 22.95147 79.50685 14.22523 8.104031 9.096316
418 173.0280 106.7617 188.3602 32.27509 23.77074 51.06582
49 138.2040 145.4992 255.0000 39.38227 33.71346 98.98368
206 81.94396 0.000000 133.3432 8.655478 4.459632 23.36312
494 36.67410 170.0689 34.39360 16.28027 29.98594 7.318698
222 133.1888 125.7233 62.65668 18.83699 21.00618 8.529709
594 204.6568 18.29192 68.94567 27.11374 14.66634 7.829527
217 0.000000 37.77253 108.0784 4.363144 3.431391 15.36371
657 225.5426 104.5744 211.8331 48.61421 31.55074 65.96372
384 65.40127 149.3737 255.0000 31.75528 30.66969 98.79785
99 255.0000 54.37673 59.14309 43.93895 25.01287 7.490522
226 94.22772 108.1106 56.03398 11.62185 14.29169 6.715674
17 0.000000 0.000000 180.7659 9.234064 4.293106 44.36966
274 123.2526 128.0033 26.05008 16.95122 20.54622 4.903584
514 127.4609 160.1480 52.63154 22.83292 30.69368 8.873512
272 255.0000 74.76339 219.8446 57.07530 32.10913 70.99856
20 255.0000 108.9775 0.000000 47.24218 32.87467 4.717248
322 129.4796 93.33232 97.43506 16.09650 14.32905 14.08303
581 14.55974 71.64630 20.05893 3.585353 5.690111 2.427294
150 32.37928 30.97421 255.0000 19.95704 9.426219 95.31863
374 207.3274 233.3395 232.5137 70.00568 77.86101 88.18531
563 229.0149 231.9325 108.1808 64.23773 75.66832 26.18238
255 38.61615 0.000000 218.4000 14.39544 6.451489 67.30552
57 0.000000 45.04850 255.0000 19.80202 10.00887 95.43927
128 109.6771 124.1563 186.2913 23.28815 22.09300 50.06267
367 78.73920 25.58035 230.3737 18.72096 9.024513 76.02555
263 62.07153 92.50214 124.2834 10.42350 11.12781 21.43575
538 88.94889 85.48581 30.58816 8.567828 9.704008 3.537299
215 0.000000 108.4564 80.59889 7.812780 12.29496 10.45269
191 35.30329 71.12592 255.0000 21.80641 12.98344 95.90788
499 75.93935 237.8884 24.36195 34.35215 63.05546 12.09737
606 16.25629 23.20107 70.72975 2.640736 2.172820 6.998487
294 204.7401 173.7882 57.55194 41.54604 44.00025 11.07007
174 84.84191 255.0000 0.000000 40.10010 73.70561 12.97497
549 36.14145 56.57662 64.64446 4.087705 4.603219 6.432140
350 121.9466 118.9437 117.0159 18.64353 19.41273 20.29629
162 158.1602 255.0000 41.75535 50.80632 79.17841 15.61409
633 18.92056 18.32292 160.6842 7.825461 4.111291 34.48803
450 76.07389 156.5788 74.52785 17.06508 26.75152 11.63315
641 129.4696 213.8335 120.8792 37.21006 54.54763 27.30449
107 106.8394 255.0000 38.92776 42.75066 75.03045 14.98574
539 169.7539 166.0774 191.0411 40.19032 40.18685 55.33602
341 208.6169 41.82991 178.3706 35.73294 19.19164 44.58682
76 125.6209 0.000000 0.000000 9.463432 5.363773 1.396582
535 121.7712 76.71797 154.2466 17.31758 12.61373 32.76459
521 167.7848 236.6548 194.7172 56.54861 72.86932 62.91059
92 0.000000 132.4818 0.000000 9.234250 17.46620 3.744773
151 0.000000 214.0585 115.3041 27.90386 49.87094 25.16998
325 152.2720 93.71382 212.0553 29.58134 20.21913 64.92431
605 182.3570 82.21253 237.6924 38.42150 22.98965 83.14406
181 108.2310 43.53339 0.000000 8.025382 5.920366 1.579760
519 183.4118 16.57865 192.2694 30.07329 15.18229 51.74723
221 38.31966 219.0597 255.0000 44.76985 58.74566 103.5319
52 255.0000 0.000000 158.5207 47.98505 24.51373 35.33161
396 198.2254 55.09805 230.6366 39.70349 21.32402 77.48691
362 90.40318 206.3409 202.4711 37.75750 51.27717 64.39449
414 28.55357 212.3348 90.74167 26.74071 48.77475 18.61002
596 186.0673 136.0814 77.87011 31.14975 29.34199 11.99659
477 76.38700 139.5773 207.3622 24.40020 25.45987 63.17846
589 24.57516 23.05957 212.4279 13.51058 6.535344 63.37377
317 57.32629 241.2976 116.1911 37.05173 65.57583 27.98685
END_DATA
CTI1   

DESCRIPTOR "Argyll Calibration Target chart information 1"
ORIGINATOR "Argyll targen"
DENSITY_EXTREME_VALUES "8"
CREATED "August 11, 2025"

NUMBER_OF_FIELDS 7
BEGIN_DATA_FORMAT
INDEX RGB_R RGB_G RGB_B XYZ_X XYZ_Y XYZ_Z 
END_DATA_FORMAT

NUMBER_OF_SETS 8
BEGIN_DATA
0 255.0000 255.0000 255.0000 95.10649 100.0000 108.8440
1 0.000000 120.7697 255.0000 25.61297 21.62916 97.37627
2 255.0000 0.000000 202.3460 52.42580 26.28975 58.72153
3 0.000000 0.000000 150.4427 6.485834 3.193987 29.89445
4 255.0000 169.9812 0.000000 56.05879 50.50543 7.656144
5 0.000000 90.78290 0.000000 4.685619 8.370208 2.228550
6 215.3331 0.000000 0.000000 28.84279 15.35583 2.304665
7 0.000000 0.000000 0.000000 1.000000 1.000000 1.000000
END_DATA
CTI1   

DESCRIPTOR "Argyll Calibration Target chart information 1"
ORIGINATOR "Argyll targen"
DEVICE_COMBINATION_VALUES "9"
CREATED "August 11, 2025"

NUMBER_OF_FIELDS 7
BEGIN_DATA_FORMAT
INDEX RGB_R RGB_G RGB_B XYZ_X XYZ_Y XYZ_Z 
END_DATA_FORMAT

NUMBER_OF_SETS 9
BEGIN_DATA
0 255.0000 255.0000 255.0000 95.10649 100.0000 108.8440
1 0.000000 255.0000 255.0000 54.27632 78.94783 106.9308
2 255.0000 0.000000 255.0000 59.70128 29.19948 97.04219
3 0.000000 0.000000 255.0000 18.87111 8.147314 95.12896
4 255.0000 255.0000 0.000000 77.23538 92.85269 14.71507
5 0.000000 255.0000 0.000000 36.40521 71.80052 12.80184
6 255.0000 0.000000 0.000000 41.83017 22.05217 2.913230
7 0.000000 0.000000 0.000000 1.000000 1.000000 1.000000
8 127.5000 127.5000 127.5000 21.14266 22.19007 24.08306
END_DATA
