CGATS.17

ORIGINATOR	"i1Profiler - X-Rite, Inc."
INSTRUMENTATION	"i1Pro 3 ; Serial number 0"
DESCRIPTOR	"Chart 1586 Patches"
FILTER	""
CREATED		"2025-04-06T20:20:27"

NUMBER_OF_FIELDS	5
BEGIN_DATA_FORMAT
SAMPLE_ID	SAMPLE_NAME	RGB_R	RGB_G	RGB_B	
END_DATA_FORMAT

NUMBER_OF_SETS	1586
BEGIN_DATA
1	-	  102.00	   69.55	  229.50	
2	-	  153.00	   92.73	  127.50	
3	-	   25.50	    0.00	   25.50	
4	-	  229.50	  185.45	  229.50	
5	-	    0.00	  139.09	  153.00	
6	-	  153.00	  139.09	  102.00	
7	-	  178.50	  115.91	   76.50	
8	-	    0.00	  162.27	  204.00	
9	-	   25.50	  185.45	  204.00	
10	-	  178.50	    0.00	   25.50	
11	-	  255.00	  231.82	  178.50	
12	-	  127.50	   92.73	  127.50	
13	-	  127.50	   69.55	  153.00	
14	-	  153.00	  115.91	   25.50	
15	-	  255.00	   23.18	   51.00	
16	-	  127.50	   23.18	  127.50	
17	-	  102.00	   46.36	  102.00	
18	-	   25.50	  162.27	  127.50	
19	-	  127.50	  185.45	  229.50	
20	-	   85.00	   85.00	   85.00	
21	-	  204.00	   92.73	  102.00	
22	-	   51.00	   92.73	  178.50	
23	-	   13.91	   13.91	   17.00	
24	-	   76.50	  231.82	  153.00	
25	-	  102.00	  208.64	  127.50	
26	-	  153.00	   23.18	  178.50	
27	-	  102.00	  162.27	   51.00	
28	-	  229.50	   92.73	  229.50	
29	-	  127.50	  115.91	  255.00	
30	-	  102.00	  185.45	  229.50	
31	-	  178.50	   46.36	  178.50	
32	-	  229.50	    0.00	    0.00	
33	-	    0.00	  185.45	  102.00	
34	-	   51.00	  162.27	   51.00	
35	-	   25.50	   69.55	  102.00	
36	-	  178.50	  162.27	   76.50	
37	-	  255.00	   69.55	  178.50	
38	-	  153.00	  185.45	   76.50	
39	-	  102.00	   92.73	   51.00	
40	-	  255.00	   69.55	  255.00	
41	-	  178.50	  208.64	  178.50	
42	-	  204.00	  139.09	  178.50	
43	-	  102.00	  115.91	  255.00	
44	-	  178.50	  231.82	   76.50	
45	-	    0.00	   69.55	  102.00	
46	-	    0.00	  185.45	   25.50	
47	-	    0.00	  255.00	  178.50	
48	-	  229.50	   92.73	  255.00	
49	-	  229.50	  185.45	   25.50	
50	-	  255.00	    0.00	  255.00	
51	-	  102.00	  185.45	   76.50	
52	-	   51.00	  231.82	  178.50	
53	-	  170.00	  139.09	  139.09	
54	-	  204.00	    0.00	   25.50	
55	-	  127.50	  115.91	  127.50	
56	-	  229.50	   92.73	  178.50	
57	-	  127.50	  255.00	  255.00	
58	-	  178.50	  185.45	   51.00	
59	-	   51.00	  185.45	   25.50	
60	-	  229.50	   69.55	  178.50	
61	-	   51.00	  162.27	    0.00	
62	-	  178.50	  255.00	  127.50	
63	-	  127.50	  115.91	   76.50	
64	-	  153.00	  162.27	   51.00	
65	-	   51.00	   23.18	   25.50	
66	-	   30.91	   30.91	   30.91	
67	-	  153.00	  231.82	  229.50	
68	-	  255.00	   46.36	  229.50	
69	-	  255.00	  185.45	   51.00	
70	-	  229.50	   23.18	  229.50	
71	-	   25.50	  139.09	    0.00	
72	-	  153.00	   23.18	   76.50	
73	-	   51.00	  208.64	    0.00	
74	-	   23.18	   23.18	   23.18	
75	-	   25.50	  115.91	   51.00	
76	-	  127.50	  139.09	   25.50	
77	-	   77.27	   77.27	   77.27	
78	-	  153.00	  208.64	  255.00	
79	-	   76.50	  185.45	   25.50	
80	-	   25.50	    0.00	  204.00	
81	-	    8.50	    6.95	    6.95	
82	-	   51.00	   46.36	  178.50	
83	-	   25.50	   46.36	  255.00	
84	-	  204.00	   23.18	    0.00	
85	-	  118.23	  144.50	  118.23	
86	-	  204.00	   46.36	   25.50	
87	-	   25.50	    0.00	  178.50	
88	-	    0.00	  255.00	   51.00	
89	-	  204.00	  115.91	  178.50	
90	-	  178.50	  139.09	   76.50	
91	-	  229.50	  231.82	   76.50	
92	-	  222.55	  222.55	  255.00	
93	-	  255.00	   46.36	  153.00	
94	-	  127.50	  162.27	  178.50	
95	-	  204.00	  139.09	    0.00	
96	-	  204.00	  208.64	  229.50	
97	-	   25.50	   46.36	  127.50	
98	-	   25.50	  255.00	   25.50	
99	-	  255.00	   46.36	    0.00	
100	-	  229.50	  115.91	  153.00	
101	-	  153.00	    0.00	  178.50	
102	-	    0.00	  208.64	  178.50	
103	-	  255.00	  162.27	  229.50	
104	-	  102.00	   69.55	  255.00	
105	-	  127.50	   46.36	  229.50	
106	-	  102.00	   92.73	  178.50	
107	-	  204.00	   23.18	  178.50	
108	-	  127.50	   69.55	  178.50	
109	-	  178.50	  162.27	  127.50	
110	-	  153.00	  139.09	   51.00	
111	-	    0.00	  162.27	  102.00	
112	-	   25.50	  255.00	   76.50	
113	-	   25.50	   23.18	  153.00	
114	-	   25.50	  162.27	  204.00	
115	-	   76.50	  231.82	  178.50	
116	-	  255.00	  208.64	   76.50	
117	-	    0.00	  208.64	   76.50	
118	-	  255.00	    0.00	  153.00	
119	-	  229.50	    0.00	  102.00	
120	-	  229.50	  162.27	  255.00	
121	-	  255.00	  139.09	  255.00	
122	-	  255.00	  255.00	   51.00	
123	-	   20.86	   20.86	   25.50	
124	-	  153.00	  139.09	  127.50	
125	-	   51.00	   23.18	  204.00	
126	-	    0.00	   69.55	  204.00	
127	-	  255.00	  139.09	  229.50	
128	-	  193.18	  193.18	  193.18	
129	-	   17.00	   13.91	   13.91	
130	-	  255.00	  208.64	   51.00	
131	-	  127.50	  255.00	  153.00	
132	-	  229.50	   69.55	   25.50	
133	-	   69.55	   69.55	   69.55	
134	-	  208.64	  208.64	  255.00	
135	-	   25.50	  115.91	    0.00	
136	-	   51.00	   46.36	  127.50	
137	-	  229.50	  115.91	  204.00	
138	-	    0.00	  115.91	   51.00	
139	-	   54.09	   54.09	   54.09	
140	-	  229.50	  139.09	  102.00	
141	-	    0.00	  162.27	  255.00	
142	-	   76.50	  231.82	  127.50	
143	-	    0.00	   69.55	  153.00	
144	-	    0.00	  115.91	  178.50	
145	-	  231.82	  231.82	  231.82	
146	-	  255.00	   23.18	  127.50	
147	-	  127.50	  255.00	  178.50	
148	-	   51.00	  139.09	    0.00	
149	-	  153.00	   92.73	  102.00	
150	-	   76.50	    0.00	  229.50	
151	-	  153.00	  185.45	  153.00	
152	-	  255.00	  115.91	   51.00	
153	-	  229.50	    0.00	   25.50	
154	-	   51.00	    0.00	  153.00	
155	-	   25.50	  139.09	  229.50	
156	-	   51.00	   92.73	    0.00	
157	-	  229.50	  255.00	   51.00	
158	-	  229.50	   69.55	  153.00	
159	-	  178.50	  162.27	   51.00	
160	-	  153.00	  255.00	  229.50	
161	-	  102.00	  208.64	  255.00	
162	-	  229.50	   46.36	   25.50	
163	-	   25.50	  231.82	   25.50	
164	-	  127.50	   46.36	  102.00	
165	-	  127.50	   23.18	   76.50	
166	-	    0.00	   46.36	   51.00	
167	-	  127.50	  231.82	   51.00	
168	-	  178.50	    0.00	    0.00	
169	-	   68.00	   55.64	   55.64	
170	-	  153.00	  185.45	   51.00	
171	-	  102.00	   23.18	  102.00	
172	-	  153.00	   23.18	  255.00	
173	-	   51.00	   41.73	   41.73	
174	-	   25.50	  162.27	   76.50	
175	-	    0.00	  139.09	  229.50	
176	-	  178.50	  115.91	  178.50	
177	-	   25.50	   69.55	  255.00	
178	-	  127.50	  185.45	  127.50	
179	-	    0.00	   92.73	  255.00	
180	-	   51.00	   92.73	   25.50	
181	-	  229.50	   23.18	   25.50	
182	-	  153.00	  231.82	  127.50	
183	-	  255.00	   92.73	  102.00	
184	-	  127.50	  162.27	  153.00	
185	-	  153.00	  255.00	   51.00	
186	-	  102.00	  162.27	   25.50	
187	-	  255.00	   46.36	  255.00	
188	-	   76.50	   92.73	  127.50	
189	-	   76.50	  162.27	  102.00	
190	-	  153.00	   46.36	   51.00	
191	-	  255.00	  185.45	  255.00	
192	-	  178.50	   46.36	  204.00	
193	-	   25.50	   23.18	  204.00	
194	-	  178.50	  115.91	    0.00	
195	-	   25.50	   23.18	  127.50	
196	-	  255.00	   92.73	    0.00	
197	-	  229.50	  208.64	   76.50	
198	-	  178.50	   23.18	  153.00	
199	-	    0.00	  139.09	   76.50	
200	-	  131.36	  131.36	  131.36	
201	-	  153.00	   69.55	  127.50	
202	-	    0.00	   46.36	    0.00	
203	-	  204.00	  115.91	  153.00	
204	-	   51.00	  139.09	   76.50	
205	-	   61.82	   61.82	   61.82	
206	-	  229.50	  255.00	  127.50	
207	-	  255.00	  115.91	  153.00	
208	-	   76.50	  115.91	  102.00	
209	-	  229.50	  255.00	  178.50	
210	-	    0.00	   46.36	  204.00	
211	-	   51.00	  139.09	  204.00	
212	-	  154.55	  154.55	  154.55	
213	-	  229.50	  208.64	  178.50	
214	-	  204.00	    0.00	  127.50	
215	-	   13.91	   17.00	   13.91	
216	-	   51.00	  185.45	  204.00	
217	-	  229.50	  139.09	   76.50	
218	-	  178.50	   69.55	  229.50	
219	-	  153.00	   92.73	  229.50	
220	-	  204.00	   92.73	    0.00	
221	-	  127.50	  139.09	  102.00	
222	-	  153.00	  185.45	    0.00	
223	-	  178.50	    0.00	  204.00	
224	-	  102.00	  115.91	  153.00	
225	-	  102.00	  231.82	    0.00	
226	-	  204.00	   69.55	  229.50	
227	-	  153.00	   92.73	  204.00	
228	-	  201.68	  246.50	  201.68	
229	-	   25.50	   69.55	  127.50	
230	-	    6.95	    6.95	    8.50	
231	-	  255.00	  162.27	   25.50	
232	-	  173.86	  173.86	  212.50	
233	-	    0.00	  231.82	  127.50	
234	-	   76.50	   69.55	  153.00	
235	-	  204.00	  208.64	    0.00	
236	-	  127.50	  185.45	   76.50	
237	-	  123.64	  123.64	  123.64	
238	-	   76.50	  255.00	  153.00	
239	-	  229.50	  162.27	  204.00	
240	-	   76.50	    0.00	  102.00	
241	-	  178.50	  146.05	  146.05	
242	-	  204.00	   46.36	  204.00	
243	-	   25.50	  185.45	   76.50	
244	-	   51.00	  208.64	  153.00	
245	-	  204.00	  162.27	  204.00	
246	-	   62.59	   62.59	   76.50	
247	-	  255.00	  185.45	   25.50	
248	-	    0.00	  255.00	  229.50	
249	-	  102.00	  139.09	   76.50	
250	-	  178.50	   69.55	    0.00	
251	-	    0.00	   92.73	  153.00	
252	-	    7.73	    7.73	    7.73	
253	-	  178.50	    0.00	  255.00	
254	-	   25.50	  208.64	   76.50	
255	-	  255.00	  139.09	  102.00	
256	-	    0.00	   23.18	  178.50	
257	-	  102.00	  231.82	  229.50	
258	-	   51.00	  139.09	  229.50	
259	-	   25.50	  115.91	  229.50	
260	-	  204.00	  231.82	  229.50	
261	-	   76.50	   23.18	  153.00	
262	-	  102.00	   92.73	  102.00	
263	-	   76.50	   23.18	  178.50	
264	-	    0.00	   46.36	   76.50	
265	-	  153.00	   92.73	  255.00	
266	-	  178.50	   92.73	    0.00	
267	-	    0.00	   23.18	  204.00	
268	-	   76.50	   46.36	  204.00	
269	-	   76.50	   92.73	  229.50	
270	-	  204.00	  255.00	    0.00	
271	-	  102.00	  208.64	  153.00	
272	-	  127.50	  115.91	   25.50	
273	-	   76.50	   69.55	   76.50	
274	-	  108.18	  108.18	  108.18	
275	-	    0.00	    0.00	  178.50	
276	-	  229.50	   92.73	  153.00	
277	-	   51.00	   46.36	  153.00	
278	-	   51.00	  115.91	  102.00	
279	-	  204.00	   92.73	  229.50	
280	-	  204.00	   92.73	   25.50	
281	-	   25.50	  255.00	   51.00	
282	-	  127.50	  115.91	  229.50	
283	-	   25.50	  231.82	  229.50	
284	-	   51.00	  185.45	  102.00	
285	-	  204.00	  208.64	   51.00	
286	-	  229.50	  255.00	   76.50	
287	-	  159.95	  195.50	  159.95	
288	-	  127.50	  208.64	  102.00	
289	-	   76.50	   92.73	   25.50	
290	-	  229.50	  231.82	  178.50	
291	-	   76.50	    0.00	  178.50	
292	-	  102.00	   46.36	  255.00	
293	-	  204.00	    0.00	    0.00	
294	-	  139.09	  139.09	  170.00	
295	-	    0.00	  231.82	  255.00	
296	-	  178.50	  115.91	  204.00	
297	-	   25.50	   23.18	   76.50	
298	-	   76.50	   69.55	  255.00	
299	-	   25.50	  115.91	  153.00	
300	-	  127.50	  139.09	  229.50	
301	-	  200.91	  200.91	  200.91	
302	-	  153.00	  208.64	  127.50	
303	-	  204.00	  208.64	  153.00	
304	-	  194.73	  194.73	  238.00	
305	-	  153.00	   92.73	   25.50	
306	-	  170.00	  170.00	  170.00	
307	-	   76.50	  115.91	   25.50	
308	-	  102.00	  231.82	  204.00	
309	-	  102.00	   92.73	  153.00	
310	-	   76.50	  208.64	  229.50	
311	-	  127.50	    0.00	   25.50	
312	-	   25.50	   92.73	   51.00	
313	-	  255.00	  139.09	  127.50	
314	-	  127.50	  139.09	   76.50	
315	-	  127.50	   92.73	  204.00	
316	-	  255.00	  115.91	  127.50	
317	-	  204.00	  115.91	  229.50	
318	-	    0.00	   92.73	    0.00	
319	-	   25.50	  231.82	   76.50	
320	-	   76.50	   92.73	   76.50	
321	-	  204.00	  185.45	   76.50	
322	-	  132.14	  132.14	  161.50	
323	-	   76.50	   92.73	  102.00	
324	-	  212.50	  173.86	  173.86	
325	-	   25.50	  255.00	  153.00	
326	-	  127.50	  231.82	  178.50	
327	-	    0.00	  255.00	  102.00	
328	-	  204.00	  115.91	   25.50	
329	-	   51.00	  255.00	  204.00	
330	-	   34.77	   34.77	   42.50	
331	-	  178.50	  231.82	    0.00	
332	-	   76.50	   69.55	    0.00	
333	-	  178.50	   92.73	   51.00	
334	-	  229.50	    0.00	  178.50	
335	-	   25.50	  162.27	  178.50	
336	-	  102.00	   46.36	  229.50	
337	-	  102.00	  162.27	  153.00	
338	-	  178.50	   92.73	  102.00	
339	-	   51.00	   23.18	  102.00	
340	-	  178.50	  231.82	  204.00	
341	-	  153.00	   69.55	   76.50	
342	-	  229.50	  231.82	    0.00	
343	-	   51.00	  255.00	  229.50	
344	-	  229.50	   23.18	  127.50	
345	-	  229.50	    0.00	  204.00	
346	-	  127.50	    0.00	  153.00	
347	-	   76.50	  162.27	  178.50	
348	-	   41.73	   41.73	   51.00	
349	-	  229.50	   46.36	  153.00	
350	-	    0.00	   92.73	  229.50	
351	-	   51.00	   69.55	  153.00	
352	-	   76.50	   62.59	   62.59	
353	-	  153.00	  255.00	   76.50	
354	-	  255.00	  185.45	    0.00	
355	-	   25.50	   92.73	  178.50	
356	-	  153.00	   46.36	  127.50	
357	-	  178.50	  255.00	   25.50	
358	-	    0.00	  255.00	  255.00	
359	-	   51.00	  231.82	    0.00	
360	-	   51.00	   92.73	  255.00	
361	-	  178.50	  185.45	   25.50	
362	-	  127.50	   46.36	   51.00	
363	-	   76.50	   46.36	  229.50	
364	-	  127.50	  139.09	  255.00	
365	-	  178.50	  115.91	  102.00	
366	-	  102.00	  208.64	    0.00	
367	-	  102.00	  185.45	    0.00	
368	-	  229.50	    0.00	   51.00	
369	-	    0.00	  231.82	  229.50	
370	-	   51.00	   92.73	  229.50	
371	-	    0.00	  139.09	  178.50	
372	-	    0.00	  185.45	  153.00	
373	-	  255.00	    0.00	   25.50	
374	-	  127.50	   69.55	  255.00	
375	-	   25.50	  255.00	  255.00	
376	-	  102.00	   46.36	  204.00	
377	-	  127.50	   69.55	  102.00	
378	-	   51.00	   23.18	    0.00	
379	-	  127.50	   46.36	  204.00	
380	-	  102.00	   69.55	    0.00	
381	-	   76.50	   69.55	  102.00	
382	-	  127.50	  231.82	   25.50	
383	-	    0.00	  139.09	  127.50	
384	-	  127.50	  185.45	   25.50	
385	-	  204.00	  162.27	  229.50	
386	-	   76.50	  139.09	  153.00	
387	-	  153.00	  115.91	  178.50	
388	-	   51.00	  208.64	   76.50	
389	-	  102.00	    0.00	  102.00	
390	-	  178.50	   23.18	  102.00	
391	-	  178.50	   69.55	  102.00	
392	-	   51.00	  162.27	  102.00	
393	-	  255.00	  208.64	  255.00	
394	-	  153.00	  185.45	  255.00	
395	-	   76.50	  208.64	  153.00	
396	-	   76.50	  115.91	  178.50	
397	-	   51.00	  231.82	  255.00	
398	-	  102.00	  255.00	  178.50	
399	-	  204.00	  231.82	  153.00	
400	-	  153.00	  231.82	   51.00	
401	-	   25.50	  185.45	  229.50	
402	-	   25.50	  115.91	   25.50	
403	-	   51.00	   23.18	  255.00	
404	-	    0.00	  162.27	    0.00	
405	-	   51.00	  255.00	  255.00	
406	-	  153.00	   92.73	  178.50	
407	-	  127.50	  162.27	  127.50	
408	-	  204.00	    0.00	  178.50	
409	-	   25.50	    0.00	  255.00	
410	-	    0.00	  208.64	  204.00	
411	-	  127.50	    0.00	   76.50	
412	-	  178.50	  115.91	  255.00	
413	-	  178.50	  231.82	   51.00	
414	-	   25.50	   92.73	  153.00	
415	-	   25.50	  231.82	  102.00	
416	-	  255.00	  162.27	  153.00	
417	-	   25.50	  231.82	   51.00	
418	-	   25.50	  231.82	  204.00	
419	-	  102.00	  231.82	   51.00	
420	-	   55.64	   68.00	   55.64	
421	-	    0.00	  185.45	  204.00	
422	-	   25.50	  115.91	  102.00	
423	-	  204.00	  208.64	   25.50	
424	-	   76.50	   69.55	  178.50	
425	-	    0.00	  185.45	  255.00	
426	-	  255.00	   92.73	  255.00	
427	-	   76.50	   46.36	   51.00	
428	-	   51.00	   92.73	  102.00	
429	-	  153.00	  255.00	    0.00	
430	-	  255.00	   92.73	  127.50	
431	-	   76.50	  208.64	   25.50	
432	-	   51.00	  162.27	  229.50	
433	-	  102.00	  255.00	  255.00	
434	-	  153.00	  255.00	  255.00	
435	-	  204.00	   92.73	   51.00	
436	-	  127.50	  231.82	  229.50	
437	-	   76.50	  185.45	  102.00	
438	-	  178.50	   69.55	  153.00	
439	-	    0.00	    0.00	  178.50	
440	-	  204.00	   46.36	    0.00	
441	-	  127.50	   46.36	  255.00	
442	-	    0.00	  185.45	   76.50	
443	-	  204.00	   23.18	  204.00	
444	-	  229.50	  208.64	  229.50	
445	-	  127.50	  231.82	  102.00	
446	-	  153.00	   46.36	    0.00	
447	-	   76.50	    0.00	   76.50	
448	-	  255.00	  139.09	  153.00	
449	-	  115.91	  115.91	  115.91	
450	-	   25.50	   23.18	    0.00	
451	-	  127.50	   69.55	  229.50	
452	-	  153.00	  162.27	  229.50	
453	-	  204.00	  185.45	  102.00	
454	-	  102.00	   83.45	   83.45	
455	-	  204.00	   92.73	  153.00	
456	-	  229.50	    0.00	  127.50	
457	-	    0.00	  231.82	   51.00	
458	-	  229.50	  139.09	  204.00	
459	-	  229.50	  139.09	  178.50	
460	-	   76.50	  255.00	  178.50	
461	-	   76.50	  115.91	  204.00	
462	-	    0.00	   46.36	  178.50	
463	-	  204.00	   23.18	  127.50	
464	-	   51.00	  208.64	  204.00	
465	-	   76.50	   92.73	  153.00	
466	-	  102.00	  115.91	   25.50	
467	-	  127.50	   23.18	  255.00	
468	-	  178.50	  162.27	  229.50	
469	-	    0.00	  231.82	   25.50	
470	-	    0.00	  208.64	  153.00	
471	-	  255.00	   23.18	   76.50	
472	-	  204.00	   46.36	   76.50	
473	-	  215.59	  255.00	  215.59	
474	-	  178.50	  115.91	   25.50	
475	-	  127.50	  231.82	   76.50	
476	-	    0.00	  231.82	  204.00	
477	-	   51.00	   69.55	  204.00	
478	-	  255.00	  115.91	  102.00	
479	-	  204.00	   23.18	  229.50	
480	-	   42.50	   34.77	   34.77	
481	-	  255.00	  162.27	  255.00	
482	-	  255.00	  208.64	  153.00	
483	-	  178.50	  185.45	  204.00	
484	-	  153.00	  139.09	  178.50	
485	-	  185.45	  185.45	  185.45	
486	-	   51.00	  185.45	   51.00	
487	-	  127.50	  115.91	   51.00	
488	-	  102.00	  255.00	    0.00	
489	-	  127.50	   46.36	   76.50	
490	-	  229.50	  231.82	  102.00	
491	-	  255.00	    0.00	    0.00	
492	-	  153.00	    0.00	   51.00	
493	-	  229.50	  255.00	   25.50	
494	-	  127.50	   69.55	  127.50	
495	-	    0.00	  208.64	  127.50	
496	-	    0.00	   46.36	  153.00	
497	-	   25.50	   69.55	   51.00	
498	-	   25.50	  231.82	  127.50	
499	-	    0.00	  208.64	   25.50	
500	-	  102.00	   92.73	  204.00	
501	-	  127.50	   46.36	   25.50	
502	-	  178.50	    0.00	  127.50	
503	-	   25.50	  139.09	  153.00	
504	-	  204.00	   23.18	  153.00	
505	-	  229.50	  231.82	  229.50	
506	-	  102.00	   23.18	  153.00	
507	-	  229.50	  115.91	  178.50	
508	-	  153.00	  162.27	   25.50	
509	-	  229.50	   23.18	  204.00	
510	-	  102.00	   23.18	   25.50	
511	-	  119.00	   97.36	   97.36	
512	-	  255.00	   46.36	   76.50	
513	-	   51.00	  115.91	  153.00	
514	-	  153.00	  208.64	  178.50	
515	-	  127.50	   23.18	  204.00	
516	-	   51.00	    0.00	  127.50	
517	-	  178.50	    0.00	    0.00	
518	-	   25.50	  208.64	    0.00	
519	-	   25.50	  255.00	    0.00	
520	-	  153.00	  185.45	  102.00	
521	-	  255.00	    0.00	  102.00	
522	-	  204.00	   69.55	  204.00	
523	-	    0.00	  185.45	  178.50	
524	-	  178.50	  162.27	  178.50	
525	-	  102.00	  185.45	   25.50	
526	-	  178.50	  255.00	   51.00	
527	-	  229.50	  185.45	   51.00	
528	-	  127.50	  208.64	  178.50	
529	-	   25.50	   69.55	  153.00	
530	-	   51.00	   69.55	    0.00	
531	-	  204.00	  115.91	  127.50	
532	-	  229.50	   46.36	  178.50	
533	-	  229.50	  208.64	    0.00	
534	-	  102.00	  162.27	  102.00	
535	-	  255.00	   69.55	   51.00	
536	-	  204.00	  231.82	  204.00	
537	-	  229.50	   69.55	  127.50	
538	-	   51.00	   92.73	  153.00	
539	-	  102.00	  231.82	  102.00	
540	-	  229.50	  255.00	  153.00	
541	-	   69.55	   85.00	   69.55	
542	-	  178.50	  208.64	  229.50	
543	-	   76.50	   93.50	   76.50	
544	-	    0.00	   23.18	  229.50	
545	-	   25.50	   69.55	   25.50	
546	-	  178.50	   46.36	  153.00	
547	-	  127.50	   46.36	    0.00	
548	-	  127.50	  185.45	    0.00	
549	-	  102.00	  208.64	  178.50	
550	-	  153.00	  115.91	  255.00	
551	-	  102.00	    0.00	    0.00	
552	-	   76.50	   46.36	  127.50	
553	-	  178.50	   69.55	  204.00	
554	-	  102.00	  139.09	  153.00	
555	-	  127.50	  208.64	   25.50	
556	-	  127.50	   23.18	   51.00	
557	-	  204.00	  208.64	  204.00	
558	-	  204.00	  139.09	  255.00	
559	-	  204.00	  255.00	   51.00	
560	-	  102.00	  255.00	   76.50	
561	-	  229.50	    0.00	  229.50	
562	-	  204.00	  115.91	   51.00	
563	-	  153.00	   69.55	   25.50	
564	-	  229.50	  255.00	  229.50	
565	-	  178.50	  139.09	  102.00	
566	-	   76.50	  185.45	  178.50	
567	-	    0.00	  139.09	   51.00	
568	-	  178.50	  162.27	    0.00	
569	-	  153.00	  115.91	  127.50	
570	-	  153.00	  139.09	  153.00	
571	-	  102.00	  231.82	  255.00	
572	-	  127.50	   92.73	   51.00	
573	-	  255.00	   92.73	  229.50	
574	-	    0.00	  255.00	   25.50	
575	-	  178.50	  208.64	  127.50	
576	-	   25.50	   69.55	  204.00	
577	-	  127.50	   46.36	  153.00	
578	-	   51.00	  255.00	  127.50	
579	-	  153.00	  153.00	  187.00	
580	-	  166.91	  204.00	  166.91	
581	-	  204.00	  139.09	  229.50	
582	-	   48.68	   48.68	   59.50	
583	-	  153.00	   69.55	  204.00	
584	-	  229.50	  115.91	  127.50	
585	-	    0.00	    0.00	   25.50	
586	-	   25.50	  139.09	  204.00	
587	-	   25.50	   46.36	  204.00	
588	-	  127.50	  231.82	  153.00	
589	-	   51.00	  208.64	   25.50	
590	-	  204.00	  185.45	    0.00	
591	-	  204.00	  231.82	    0.00	
592	-	  100.45	  100.45	  100.45	
593	-	    0.00	  185.45	    0.00	
594	-	   25.50	   92.73	   76.50	
595	-	  102.00	   92.73	   76.50	
596	-	  255.00	  215.59	  215.59	
597	-	   51.00	   92.73	   76.50	
598	-	  204.00	  255.00	  153.00	
599	-	   76.50	   23.18	   25.50	
600	-	   51.00	  231.82	  127.50	
601	-	   76.50	   92.73	   51.00	
602	-	  127.50	    0.00	  255.00	
603	-	  173.86	  212.50	  173.86	
604	-	  127.50	  255.00	   51.00	
605	-	  127.50	   46.36	  127.50	
606	-	  255.00	  255.00	  127.50	
607	-	  187.00	  153.00	  153.00	
608	-	  229.50	   92.73	    0.00	
609	-	   76.50	    0.00	   25.50	
610	-	   76.50	  139.09	    0.00	
611	-	    0.00	  162.27	   76.50	
612	-	   25.50	  185.45	   25.50	
613	-	    0.00	  208.64	   51.00	
614	-	    6.95	    8.50	    6.95	
615	-	   25.50	  139.09	  178.50	
616	-	  153.00	   92.73	   76.50	
617	-	  194.73	  238.00	  194.73	
618	-	  153.00	   92.73	  153.00	
619	-	  153.00	  185.45	   25.50	
620	-	  153.00	   46.36	   25.50	
621	-	  229.50	  139.09	   25.50	
622	-	    0.00	  185.45	   51.00	
623	-	    0.00	  185.45	  127.50	
624	-	  127.50	   92.73	  229.50	
625	-	   76.50	  255.00	    0.00	
626	-	  127.50	  185.45	  102.00	
627	-	  229.50	  139.09	    0.00	
628	-	  153.00	   46.36	  229.50	
629	-	   25.50	  115.91	  178.50	
630	-	   51.00	    0.00	  229.50	
631	-	  255.00	    0.00	  127.50	
632	-	  178.50	   46.36	  229.50	
633	-	  255.00	   46.36	  127.50	
634	-	  127.50	  139.09	  204.00	
635	-	  127.50	  208.64	   76.50	
636	-	  102.00	  115.91	   76.50	
637	-	  178.50	   23.18	  127.50	
638	-	   62.59	   76.50	   62.59	
639	-	  204.00	    0.00	  102.00	
640	-	   76.50	  139.09	  255.00	
641	-	   76.50	  231.82	   76.50	
642	-	   25.50	   69.55	  178.50	
643	-	   51.00	  231.82	  229.50	
644	-	   51.00	  255.00	    0.00	
645	-	   76.50	  162.27	  204.00	
646	-	  229.50	  139.09	  255.00	
647	-	   51.00	   46.36	  255.00	
648	-	  153.00	  208.64	  204.00	
649	-	  204.00	   46.36	  102.00	
650	-	  102.00	    0.00	  204.00	
651	-	  153.00	   69.55	  255.00	
652	-	  153.00	    0.00	  255.00	
653	-	  127.50	   69.55	   76.50	
654	-	  127.50	  208.64	  204.00	
655	-	   76.50	  185.45	  229.50	
656	-	  102.00	  115.91	  204.00	
657	-	  204.00	  166.91	  166.91	
658	-	  178.50	  115.91	  153.00	
659	-	    0.00	   69.55	   51.00	
660	-	  102.00	   92.73	   25.50	
661	-	   51.00	   69.55	   25.50	
662	-	    0.00	   23.18	  255.00	
663	-	  178.50	   92.73	  127.50	
664	-	  204.00	   23.18	  255.00	
665	-	  178.50	   92.73	  178.50	
666	-	  204.00	    0.00	  229.50	
667	-	  229.50	  115.91	    0.00	
668	-	  178.50	  255.00	  204.00	
669	-	  102.00	    0.00	  153.00	
670	-	   76.50	   46.36	   25.50	
671	-	   25.50	   23.18	  102.00	
672	-	  127.50	  115.91	  153.00	
673	-	  239.55	  239.55	  239.55	
674	-	  127.50	  162.27	  102.00	
675	-	  255.00	   23.18	  204.00	
676	-	   51.00	  115.91	  178.50	
677	-	  204.00	  115.91	  102.00	
678	-	  127.50	  185.45	  204.00	
679	-	    0.00	  185.45	  229.50	
680	-	   51.00	  139.09	  178.50	
681	-	  178.50	  115.91	  229.50	
682	-	  204.00	  208.64	  127.50	
683	-	   76.50	  255.00	  102.00	
684	-	   51.00	  115.91	  255.00	
685	-	  204.00	   69.55	  255.00	
686	-	  229.50	   23.18	   51.00	
687	-	   51.00	  115.91	    0.00	
688	-	  102.00	   92.73	  255.00	
689	-	  178.50	  208.64	   76.50	
690	-	  216.36	  216.36	  216.36	
691	-	   41.73	   51.00	   41.73	
692	-	  229.50	  185.45	  204.00	
693	-	  178.50	  162.27	  153.00	
694	-	  102.00	   69.55	  153.00	
695	-	  111.27	  111.27	  136.00	
696	-	   48.68	   59.50	   48.68	
697	-	   51.00	   23.18	   51.00	
698	-	  255.00	   69.55	  153.00	
699	-	  255.00	  139.09	   76.50	
700	-	  153.00	  208.64	   25.50	
701	-	  127.50	  255.00	    0.00	
702	-	  255.00	   23.18	  178.50	
703	-	  102.00	  231.82	  127.50	
704	-	  229.50	  162.27	  153.00	
705	-	  229.50	  162.27	    0.00	
706	-	  178.50	  208.64	   25.50	
707	-	  127.50	   46.36	  178.50	
708	-	  102.00	    0.00	  229.50	
709	-	   76.50	    0.00	  153.00	
710	-	   51.00	  208.64	   51.00	
711	-	   76.50	  139.09	   76.50	
712	-	  153.00	   69.55	  229.50	
713	-	  178.50	   92.73	   76.50	
714	-	  127.50	   23.18	  229.50	
715	-	  229.50	  115.91	  229.50	
716	-	  229.50	  231.82	  153.00	
717	-	  102.00	   23.18	  229.50	
718	-	   51.00	  162.27	  153.00	
719	-	    0.00	  231.82	  178.50	
720	-	  153.00	  162.27	  178.50	
721	-	  127.50	  208.64	   51.00	
722	-	   51.00	   23.18	  229.50	
723	-	   27.82	   34.00	   27.82	
724	-	  178.50	   92.73	  204.00	
725	-	  102.00	  139.09	    0.00	
726	-	   76.50	  231.82	    0.00	
727	-	  102.00	  255.00	   51.00	
728	-	   76.50	  115.91	  229.50	
729	-	  102.00	   92.73	  127.50	
730	-	  204.00	  185.45	   51.00	
731	-	  102.00	    0.00	   51.00	
732	-	   51.00	  255.00	   51.00	
733	-	  102.00	  162.27	  255.00	
734	-	    0.00	    0.00	   51.00	
735	-	  102.00	   69.55	   76.50	
736	-	  204.00	   69.55	  153.00	
737	-	   51.00	  139.09	  127.50	
738	-	   76.50	  255.00	  204.00	
739	-	  127.50	  208.64	  127.50	
740	-	  127.50	  104.32	  104.32	
741	-	   76.50	  208.64	  102.00	
742	-	   34.77	   42.50	   34.77	
743	-	  255.00	   23.18	   25.50	
744	-	   76.50	   46.36	   76.50	
745	-	  255.00	    0.00	   51.00	
746	-	   25.50	   92.73	  255.00	
747	-	    0.00	   92.73	  127.50	
748	-	  153.00	  187.00	  153.00	
749	-	  255.00	  185.45	  153.00	
750	-	  204.00	  231.82	   76.50	
751	-	  127.50	    0.00	  178.50	
752	-	  153.00	  208.64	  102.00	
753	-	  204.00	  208.64	   76.50	
754	-	    0.00	  115.91	  229.50	
755	-	  102.00	  255.00	  127.50	
756	-	  125.18	  153.00	  125.18	
757	-	  229.50	  162.27	  229.50	
758	-	  102.00	  208.64	   25.50	
759	-	   25.50	  255.00	  127.50	
760	-	  178.50	  139.09	  178.50	
761	-	  229.50	   92.73	  127.50	
762	-	  255.00	  162.27	  178.50	
763	-	    0.00	    0.00	  229.50	
764	-	  229.50	   69.55	   51.00	
765	-	   76.50	  115.91	  255.00	
766	-	   25.50	    0.00	  153.00	
767	-	  229.50	   23.18	  102.00	
768	-	  255.00	  255.00	  153.00	
769	-	  127.50	   69.55	  204.00	
770	-	  204.00	  185.45	   25.50	
771	-	  102.00	  139.09	  127.50	
772	-	   51.00	  208.64	  102.00	
773	-	   51.00	   69.55	  102.00	
774	-	  255.00	  208.64	  229.50	
775	-	   59.50	   48.68	   48.68	
776	-	  178.50	  208.64	  153.00	
777	-	  255.00	  185.45	  229.50	
778	-	  153.00	    0.00	  102.00	
779	-	  153.00	   23.18	    0.00	
780	-	  178.50	  255.00	  153.00	
781	-	  102.00	  139.09	  178.50	
782	-	  178.50	   46.36	   25.50	
783	-	  229.50	  115.91	   25.50	
784	-	  177.73	  177.73	  177.73	
785	-	  229.50	   46.36	  127.50	
786	-	   76.50	  185.45	   51.00	
787	-	   76.50	  208.64	  178.50	
788	-	  153.00	  115.91	   51.00	
789	-	   76.50	  162.27	    0.00	
790	-	  127.50	  208.64	  153.00	
791	-	   76.50	   23.18	  229.50	
792	-	   25.50	   46.36	   51.00	
793	-	  204.00	   46.36	   51.00	
794	-	  178.50	   69.55	  178.50	
795	-	  153.00	   23.18	  229.50	
796	-	   25.50	  208.64	  102.00	
797	-	  153.00	   46.36	  255.00	
798	-	  153.00	  162.27	   76.50	
799	-	  204.00	  115.91	  255.00	
800	-	   25.50	   69.55	   76.50	
801	-	  204.00	  162.27	   25.50	
802	-	  255.00	   46.36	  178.50	
803	-	  153.00	  115.91	    0.00	
804	-	  178.50	  139.09	   51.00	
805	-	   76.50	   46.36	  178.50	
806	-	   25.50	   69.55	  229.50	
807	-	   76.50	  139.09	   51.00	
808	-	  204.00	  115.91	    0.00	
809	-	   51.00	  185.45	  178.50	
810	-	  127.50	  162.27	   51.00	
811	-	  162.27	  162.27	  162.27	
812	-	   51.00	    0.00	   76.50	
813	-	   76.50	    0.00	  255.00	
814	-	  153.00	  139.09	    0.00	
815	-	   25.50	  231.82	    0.00	
816	-	  153.00	  255.00	  127.50	
817	-	   25.50	  185.45	  255.00	
818	-	  180.82	  221.00	  180.82	
819	-	  229.50	  185.45	  127.50	
820	-	  153.00	   23.18	  204.00	
821	-	   25.50	  162.27	  255.00	
822	-	  255.00	   46.36	   51.00	
823	-	  153.00	  231.82	  255.00	
824	-	  178.50	  185.45	  102.00	
825	-	    0.00	  162.27	  178.50	
826	-	  102.00	   46.36	  127.50	
827	-	   76.50	   69.55	  204.00	
828	-	   76.50	   76.50	   93.50	
829	-	  127.50	  185.45	  153.00	
830	-	  255.00	  231.82	  127.50	
831	-	   25.50	   23.18	  255.00	
832	-	  102.00	  139.09	   51.00	
833	-	  102.00	   46.36	  178.50	
834	-	  229.50	  115.91	  255.00	
835	-	  204.00	  255.00	  255.00	
836	-	  204.00	  139.09	   76.50	
837	-	  255.00	  255.00	    0.00	
838	-	   51.00	  208.64	  255.00	
839	-	  102.00	  185.45	  102.00	
840	-	  127.50	  208.64	    0.00	
841	-	   25.50	    0.00	  127.50	
842	-	   76.50	  185.45	  255.00	
843	-	  201.68	  201.68	  246.50	
844	-	  127.50	  185.45	   51.00	
845	-	  178.50	    0.00	  178.50	
846	-	    0.00	   46.36	  255.00	
847	-	  102.00	  115.91	   51.00	
848	-	  102.00	  231.82	  178.50	
849	-	  102.00	   69.55	  178.50	
850	-	  204.00	  139.09	   51.00	
851	-	   93.50	   76.50	   76.50	
852	-	   76.50	   92.73	  178.50	
853	-	  178.50	    0.00	   51.00	
854	-	  178.50	    0.00	  153.00	
855	-	  255.00	  162.27	   51.00	
856	-	  127.50	   92.73	  102.00	
857	-	    0.00	  115.91	    0.00	
858	-	  153.00	  162.27	    0.00	
859	-	   76.50	  255.00	   76.50	
860	-	   76.50	  115.91	    0.00	
861	-	    0.00	   69.55	  255.00	
862	-	   76.50	   46.36	  153.00	
863	-	  255.00	  185.45	   76.50	
864	-	  178.50	  208.64	  255.00	
865	-	  127.50	   92.73	   25.50	
866	-	  127.50	   23.18	  102.00	
867	-	    0.00	  231.82	  153.00	
868	-	   51.00	   69.55	   51.00	
869	-	  204.00	    0.00	  255.00	
870	-	  255.00	  162.27	  204.00	
871	-	  255.00	  185.45	  178.50	
872	-	  255.00	   23.18	    0.00	
873	-	   51.00	   46.36	  102.00	
874	-	  102.00	  208.64	   51.00	
875	-	  229.50	   23.18	  255.00	
876	-	  229.50	  139.09	  153.00	
877	-	   76.50	  185.45	   76.50	
878	-	   51.00	  115.91	  127.50	
879	-	  153.00	  208.64	   76.50	
880	-	   76.50	  139.09	   25.50	
881	-	    0.00	   23.18	   51.00	
882	-	  255.00	  255.00	   76.50	
883	-	  229.50	  115.91	   76.50	
884	-	  229.50	   23.18	   76.50	
885	-	  204.00	   69.55	  178.50	
886	-	  127.50	    0.00	  204.00	
887	-	  102.00	  255.00	  229.50	
888	-	   51.00	  185.45	  255.00	
889	-	   76.50	  231.82	  255.00	
890	-	  127.50	  139.09	   51.00	
891	-	    0.00	  115.91	  204.00	
892	-	  229.50	  255.00	  102.00	
893	-	  204.00	  231.82	   51.00	
894	-	  159.95	  159.95	  195.50	
895	-	  127.50	  162.27	  204.00	
896	-	   90.41	   90.41	  110.50	
897	-	  127.50	  231.82	  127.50	
898	-	  255.00	   69.55	    0.00	
899	-	  153.00	  115.91	  102.00	
900	-	  255.00	  115.91	   76.50	
901	-	   51.00	   23.18	  178.50	
902	-	    0.00	  231.82	   76.50	
903	-	  127.50	   92.73	    0.00	
904	-	  229.50	  231.82	   25.50	
905	-	  102.00	    0.00	   76.50	
906	-	   76.50	  162.27	   25.50	
907	-	  204.00	  139.09	  204.00	
908	-	   25.50	  208.64	  127.50	
909	-	   20.86	   25.50	   20.86	
910	-	   55.64	   55.64	   68.00	
911	-	   25.50	   92.73	  229.50	
912	-	   51.00	  208.64	  127.50	
913	-	  127.50	   92.73	  178.50	
914	-	   76.50	  115.91	   76.50	
915	-	   25.50	  185.45	  127.50	
916	-	  102.00	  231.82	  153.00	
917	-	   51.00	  115.91	  229.50	
918	-	  222.55	  255.00	  222.55	
919	-	   51.00	  162.27	  178.50	
920	-	  178.50	   69.55	   51.00	
921	-	  178.50	  231.82	  102.00	
922	-	  178.50	  255.00	   76.50	
923	-	  204.00	   92.73	  255.00	
924	-	    0.00	  162.27	  127.50	
925	-	   76.50	  208.64	   76.50	
926	-	  247.27	  247.27	  247.27	
927	-	  229.50	  162.27	   25.50	
928	-	   76.50	  139.09	  178.50	
929	-	  204.00	   69.55	  102.00	
930	-	   76.50	   23.18	   76.50	
931	-	  229.50	  255.00	    0.00	
932	-	  229.50	    0.00	  255.00	
933	-	  178.50	  255.00	    0.00	
934	-	    0.00	   69.55	   25.50	
935	-	   51.00	   46.36	    0.00	
936	-	   76.50	   46.36	  255.00	
937	-	  178.50	   46.36	   51.00	
938	-	  229.50	   69.55	  229.50	
939	-	  153.00	   23.18	   51.00	
940	-	  255.00	  255.00	  204.00	
941	-	  102.00	  231.82	   25.50	
942	-	    0.00	   23.18	  127.50	
943	-	  178.50	  139.09	  229.50	
944	-	  204.00	  185.45	  153.00	
945	-	   76.50	  208.64	  255.00	
946	-	  255.00	  162.27	  127.50	
947	-	  102.00	  139.09	  204.00	
948	-	  178.50	  231.82	  127.50	
949	-	  102.00	  162.27	   76.50	
950	-	   76.50	  231.82	  102.00	
951	-	  255.00	  208.64	  208.64	
952	-	    0.00	  139.09	  204.00	
953	-	  178.50	   23.18	  229.50	
954	-	    0.00	    0.00	  127.50	
955	-	  178.50	  185.45	  178.50	
956	-	   76.50	   92.73	  204.00	
957	-	  204.00	   23.18	   25.50	
958	-	  178.50	   46.36	   76.50	
959	-	  102.00	  185.45	  204.00	
960	-	  102.00	    0.00	  178.50	
961	-	  238.00	  194.73	  194.73	
962	-	    0.00	  231.82	    0.00	
963	-	  255.00	   46.36	  102.00	
964	-	  178.50	   23.18	   51.00	
965	-	  204.00	  162.27	    0.00	
966	-	  102.00	  139.09	  255.00	
967	-	   25.50	   46.36	  178.50	
968	-	    0.00	   69.55	  178.50	
969	-	  204.00	  255.00	  178.50	
970	-	  178.50	  208.64	  204.00	
971	-	    0.00	   69.55	  127.50	
972	-	  255.00	  231.82	  204.00	
973	-	  127.50	  231.82	    0.00	
974	-	   76.50	    0.00	  127.50	
975	-	   76.50	  115.91	   51.00	
976	-	  255.00	  231.82	  229.50	
977	-	  127.50	  162.27	    0.00	
978	-	   25.50	  208.64	  178.50	
979	-	  204.00	  162.27	   51.00	
980	-	  102.00	  255.00	  153.00	
981	-	   76.50	  231.82	   51.00	
982	-	  153.00	  115.91	   76.50	
983	-	  204.00	   23.18	   76.50	
984	-	  127.50	  115.91	  178.50	
985	-	  229.50	  185.45	  255.00	
986	-	   76.50	  162.27	  153.00	
987	-	  178.50	   92.73	   25.50	
988	-	    0.00	  115.91	   25.50	
989	-	   51.00	   92.73	   51.00	
990	-	    0.00	   23.18	    0.00	
991	-	  255.00	  139.09	   25.50	
992	-	    0.00	  162.27	  153.00	
993	-	  146.05	  178.50	  146.05	
994	-	  255.00	  222.55	  222.55	
995	-	  153.00	  231.82	  102.00	
996	-	  204.00	  231.82	  178.50	
997	-	   25.50	    0.00	   76.50	
998	-	  229.50	  231.82	  204.00	
999	-	  127.50	   69.55	   51.00	
1000	-	  255.00	    0.00	  229.50	
1001	-	  204.00	  162.27	  255.00	
1002	-	  153.00	  185.45	  229.50	
1003	-	  229.50	  187.77	  187.77	
1004	-	  153.00	   69.55	   51.00	
1005	-	  229.50	   46.36	  102.00	
1006	-	  153.00	   46.36	   76.50	
1007	-	   46.36	   46.36	   46.36	
1008	-	   51.00	    0.00	   25.50	
1009	-	  229.50	  185.45	  178.50	
1010	-	   51.00	  139.09	  255.00	
1011	-	  255.00	   46.36	  204.00	
1012	-	  153.00	  255.00	  204.00	
1013	-	    0.00	  255.00	  204.00	
1014	-	  178.50	  139.09	  204.00	
1015	-	   51.00	  208.64	  229.50	
1016	-	  229.50	   46.36	  229.50	
1017	-	   51.00	   23.18	  153.00	
1018	-	   25.50	   23.18	   25.50	
1019	-	   51.00	  162.27	  127.50	
1020	-	  229.50	    0.00	  153.00	
1021	-	   51.00	  185.45	  153.00	
1022	-	    0.00	   92.73	   51.00	
1023	-	  204.00	   23.18	  102.00	
1024	-	  153.00	  162.27	  127.50	
1025	-	  178.50	  255.00	  102.00	
1026	-	   25.50	  115.91	  127.50	
1027	-	   25.50	   92.73	   25.50	
1028	-	  127.50	  255.00	  229.50	
1029	-	  215.59	  215.59	  255.00	
1030	-	   76.50	  139.09	  102.00	
1031	-	  102.00	    0.00	  127.50	
1032	-	    0.00	    0.00	  102.00	
1033	-	  255.00	  255.00	  255.00	
1034	-	    0.00	  139.09	  255.00	
1035	-	  102.00	  162.27	    0.00	
1036	-	  127.50	    0.00	  127.50	
1037	-	  204.00	  255.00	   25.50	
1038	-	   76.50	  231.82	  204.00	
1039	-	  153.00	  231.82	    0.00	
1040	-	  102.00	  255.00	   25.50	
1041	-	  255.00	  139.09	  204.00	
1042	-	  204.00	   92.73	  178.50	
1043	-	   25.50	   46.36	  153.00	
1044	-	  204.00	  185.45	  178.50	
1045	-	  153.00	  255.00	  102.00	
1046	-	   51.00	  231.82	   51.00	
1047	-	  178.50	  255.00	  255.00	
1048	-	  178.50	   69.55	  127.50	
1049	-	   76.50	   69.55	   25.50	
1050	-	   51.00	  255.00	  178.50	
1051	-	  178.50	    0.00	  102.00	
1052	-	   51.00	   46.36	   25.50	
1053	-	   76.50	  255.00	  255.00	
1054	-	  229.50	  208.64	  102.00	
1055	-	  153.00	  139.09	  204.00	
1056	-	  161.50	  132.14	  132.14	
1057	-	  204.00	   92.73	   76.50	
1058	-	   25.50	   92.73	    0.00	
1059	-	   76.50	    0.00	   51.00	
1060	-	   38.64	   38.64	   38.64	
1061	-	   25.50	    0.00	  229.50	
1062	-	  204.00	  231.82	  127.50	
1063	-	   76.50	   69.55	   51.00	
1064	-	    0.00	   46.36	   25.50	
1065	-	    0.00	   69.55	  229.50	
1066	-	    0.00	  208.64	    0.00	
1067	-	   25.50	   92.73	  204.00	
1068	-	   51.00	    0.00	   51.00	
1069	-	   83.45	   83.45	  102.00	
1070	-	   51.00	  162.27	   76.50	
1071	-	   51.00	    0.00	  255.00	
1072	-	  102.00	   23.18	  178.50	
1073	-	  102.00	   92.73	  229.50	
1074	-	   76.50	  208.64	   51.00	
1075	-	  127.50	   69.55	    0.00	
1076	-	   25.50	  185.45	  153.00	
1077	-	  153.00	    0.00	  127.50	
1078	-	  127.50	  139.09	  127.50	
1079	-	  153.00	   46.36	  153.00	
1080	-	    0.00	  162.27	    0.00	
1081	-	  127.50	   92.73	  255.00	
1082	-	  153.00	    0.00	  153.00	
1083	-	  153.00	   23.18	  153.00	
1084	-	  178.50	  255.00	  178.50	
1085	-	  127.50	   23.18	  153.00	
1086	-	    0.00	    0.00	   76.50	
1087	-	   76.50	  162.27	  229.50	
1088	-	  102.00	  255.00	  204.00	
1089	-	   76.50	   69.55	  127.50	
1090	-	  255.00	    0.00	  204.00	
1091	-	  153.00	  162.27	  153.00	
1092	-	  255.00	  208.64	  178.50	
1093	-	   76.50	  115.91	  127.50	
1094	-	   97.36	   97.36	  119.00	
1095	-	  102.00	   23.18	  127.50	
1096	-	  127.50	   69.55	   25.50	
1097	-	  204.00	  185.45	  255.00	
1098	-	  246.50	  201.68	  201.68	
1099	-	  229.50	  255.00	  204.00	
1100	-	  178.50	   46.36	  102.00	
1101	-	   25.50	  162.27	  102.00	
1102	-	   76.50	   46.36	  102.00	
1103	-	  204.00	  139.09	  127.50	
1104	-	   76.50	   23.18	  204.00	
1105	-	  204.00	   69.55	   76.50	
1106	-	   51.00	  231.82	  102.00	
1107	-	   25.50	  231.82	  153.00	
1108	-	    0.00	  208.64	  229.50	
1109	-	  127.50	  231.82	  255.00	
1110	-	  127.50	  162.27	   25.50	
1111	-	   51.00	  255.00	  153.00	
1112	-	  229.50	   69.55	  255.00	
1113	-	  178.50	  208.64	   51.00	
1114	-	   25.50	  115.91	  255.00	
1115	-	  153.00	    0.00	   76.50	
1116	-	  229.50	  139.09	   51.00	
1117	-	   83.45	  102.00	   83.45	
1118	-	   25.50	  139.09	  102.00	
1119	-	  229.50	  162.27	   76.50	
1120	-	    0.00	    0.00	  255.00	
1121	-	  127.50	  185.45	  178.50	
1122	-	  178.50	   23.18	  255.00	
1123	-	   76.50	   69.55	  229.50	
1124	-	   76.50	   23.18	    0.00	
1125	-	  204.00	  139.09	   25.50	
1126	-	  153.00	  185.45	  127.50	
1127	-	  178.50	  185.45	  229.50	
1128	-	   51.00	    0.00	  204.00	
1129	-	  229.50	   69.55	    0.00	
1130	-	  153.00	   23.18	  127.50	
1131	-	  204.00	  162.27	  153.00	
1132	-	  255.00	  115.91	  178.50	
1133	-	  229.50	  231.82	   51.00	
1134	-	    0.00	   92.73	   76.50	
1135	-	   25.50	   92.73	  102.00	
1136	-	  102.00	  185.45	  255.00	
1137	-	  255.00	  208.64	   25.50	
1138	-	  153.00	  255.00	  153.00	
1139	-	  178.50	  139.09	  255.00	
1140	-	  204.00	  162.27	  102.00	
1141	-	  204.00	  162.27	  127.50	
1142	-	  204.00	  231.82	   25.50	
1143	-	  127.50	  115.91	  204.00	
1144	-	  127.50	  255.00	   76.50	
1145	-	  111.27	  136.00	  111.27	
1146	-	  102.00	  185.45	  127.50	
1147	-	  178.50	  139.09	  127.50	
1148	-	  255.00	  208.64	  127.50	
1149	-	  204.00	  231.82	  102.00	
1150	-	   51.00	  115.91	  204.00	
1151	-	  104.32	  127.50	  104.32	
1152	-	  255.00	   92.73	   25.50	
1153	-	  178.50	  185.45	  127.50	
1154	-	    0.00	   46.36	  127.50	
1155	-	  127.50	  255.00	  102.00	
1156	-	  255.00	   69.55	  127.50	
1157	-	   25.50	  162.27	   51.00	
1158	-	  204.00	   46.36	  127.50	
1159	-	   25.50	  139.09	   25.50	
1160	-	   76.50	  139.09	  204.00	
1161	-	    0.00	   46.36	  229.50	
1162	-	  102.00	   46.36	  153.00	
1163	-	  255.00	   92.73	  178.50	
1164	-	  255.00	  185.45	  102.00	
1165	-	  178.50	   23.18	    0.00	
1166	-	   76.50	  185.45	  204.00	
1167	-	    0.00	  115.91	  102.00	
1168	-	  204.00	  208.64	  178.50	
1169	-	  102.00	  255.00	  102.00	
1170	-	  255.00	  208.64	    0.00	
1171	-	  229.50	   69.55	  102.00	
1172	-	  153.00	  115.91	  204.00	
1173	-	  127.50	    0.00	  102.00	
1174	-	  178.50	   92.73	  255.00	
1175	-	  127.50	   92.73	  153.00	
1176	-	  229.50	   92.73	  204.00	
1177	-	  229.50	  231.82	  255.00	
1178	-	  153.00	   92.73	   51.00	
1179	-	  255.00	  231.82	  153.00	
1180	-	   51.00	  139.09	  153.00	
1181	-	   25.50	   23.18	  178.50	
1182	-	   76.50	  208.64	  204.00	
1183	-	  255.00	    0.00	  178.50	
1184	-	   51.00	  231.82	   76.50	
1185	-	  208.64	  255.00	  208.64	
1186	-	  127.50	  139.09	    0.00	
1187	-	    0.00	   69.55	    0.00	
1188	-	  178.50	   46.36	    0.00	
1189	-	  102.00	   69.55	   51.00	
1190	-	   25.50	  115.91	  204.00	
1191	-	   25.50	  115.91	   76.50	
1192	-	  178.50	  208.64	    0.00	
1193	-	  153.00	  255.00	  178.50	
1194	-	  178.50	   23.18	  204.00	
1195	-	  255.00	   69.55	  229.50	
1196	-	    0.00	   92.73	   25.50	
1197	-	  229.50	  185.45	    0.00	
1198	-	  153.00	   69.55	  153.00	
1199	-	  229.50	  208.64	   51.00	
1200	-	  255.00	  208.64	  102.00	
1201	-	   76.50	  208.64	    0.00	
1202	-	   25.50	   92.73	  127.50	
1203	-	  104.32	  104.32	  127.50	
1204	-	  204.00	  185.45	  204.00	
1205	-	  127.50	  115.91	    0.00	
1206	-	  208.64	  208.64	  208.64	
1207	-	   51.00	  185.45	  127.50	
1208	-	  153.00	   23.18	  102.00	
1209	-	  255.00	  139.09	  178.50	
1210	-	   51.00	  115.91	   51.00	
1211	-	  102.00	   69.55	   25.50	
1212	-	  204.00	   92.73	  127.50	
1213	-	  255.00	   92.73	  204.00	
1214	-	  110.50	   90.41	   90.41	
1215	-	   25.50	  139.09	   76.50	
1216	-	  255.00	   69.55	   25.50	
1217	-	  102.00	  185.45	  178.50	
1218	-	  102.00	    0.00	  255.00	
1219	-	  178.50	  139.09	   25.50	
1220	-	  255.00	  115.91	   25.50	
1221	-	  139.09	  170.00	  139.09	
1222	-	  102.00	   46.36	   76.50	
1223	-	  146.05	  146.05	  178.50	
1224	-	  229.50	  255.00	  255.00	
1225	-	   25.50	  255.00	  204.00	
1226	-	  229.50	   92.73	   76.50	
1227	-	   51.00	   46.36	   51.00	
1228	-	  127.50	   23.18	   25.50	
1229	-	    0.00	  115.91	  127.50	
1230	-	   51.00	  255.00	  102.00	
1231	-	  127.50	  139.09	  153.00	
1232	-	  255.00	   69.55	  204.00	
1233	-	  229.50	  208.64	   25.50	
1234	-	  178.50	   46.36	  255.00	
1235	-	  204.00	  115.91	   76.50	
1236	-	  153.00	    0.00	  204.00	
1237	-	  255.00	  162.27	    0.00	
1238	-	   25.50	   69.55	    0.00	
1239	-	  204.00	    0.00	  153.00	
1240	-	  229.50	  208.64	  204.00	
1241	-	  125.18	  125.18	  153.00	
1242	-	  204.00	  162.27	  178.50	
1243	-	   51.00	    0.00	  178.50	
1244	-	  178.50	   23.18	  178.50	
1245	-	  153.00	  125.18	  125.18	
1246	-	   51.00	  255.00	   76.50	
1247	-	  187.77	  229.50	  187.77	
1248	-	  127.50	  208.64	  229.50	
1249	-	   25.50	  162.27	    0.00	
1250	-	  102.00	  115.91	  229.50	
1251	-	  102.00	   69.55	  102.00	
1252	-	  178.50	   69.55	   25.50	
1253	-	  255.00	   92.73	  153.00	
1254	-	   51.00	   46.36	   76.50	
1255	-	   76.50	  185.45	  153.00	
1256	-	   51.00	  139.09	   25.50	
1257	-	  229.50	  162.27	  102.00	
1258	-	  153.00	   46.36	  178.50	
1259	-	  178.50	  231.82	  178.50	
1260	-	  153.00	  231.82	  204.00	
1261	-	    0.00	  255.00	  127.50	
1262	-	  178.50	    0.00	   76.50	
1263	-	   25.50	  162.27	  229.50	
1264	-	    0.00	   92.73	  178.50	
1265	-	  178.50	  115.91	  127.50	
1266	-	  204.00	  255.00	  229.50	
1267	-	    0.00	  115.91	  153.00	
1268	-	  255.00	  231.82	    0.00	
1269	-	  204.00	  255.00	  127.50	
1270	-	   25.50	  208.64	  229.50	
1271	-	  178.50	  162.27	  255.00	
1272	-	  204.00	  208.64	  102.00	
1273	-	  102.00	  162.27	  204.00	
1274	-	  204.00	  255.00	  204.00	
1275	-	  102.00	  139.09	  229.50	
1276	-	  255.00	   23.18	  153.00	
1277	-	  229.50	  231.82	  127.50	
1278	-	  229.50	  185.45	  153.00	
1279	-	  178.50	  139.09	  153.00	
1280	-	   92.73	   92.73	   92.73	
1281	-	   76.50	    0.00	    0.00	
1282	-	  255.00	  139.09	    0.00	
1283	-	   25.50	  185.45	    0.00	
1284	-	   51.00	  231.82	  204.00	
1285	-	  255.00	  162.27	  102.00	
1286	-	  204.00	   69.55	    0.00	
1287	-	   25.50	  139.09	   51.00	
1288	-	   51.00	   69.55	  229.50	
1289	-	  153.00	  231.82	   25.50	
1290	-	  102.00	  162.27	  127.50	
1291	-	  229.50	  139.09	  229.50	
1292	-	    0.00	  162.27	  229.50	
1293	-	   25.50	  255.00	  102.00	
1294	-	  102.00	  162.27	  178.50	
1295	-	   25.50	    0.00	  102.00	
1296	-	  102.00	   23.18	  255.00	
1297	-	   51.00	   46.36	  204.00	
1298	-	  229.50	   23.18	  153.00	
1299	-	  178.50	   23.18	   25.50	
1300	-	  224.09	  224.09	  224.09	
1301	-	  127.50	  115.91	  102.00	
1302	-	  118.23	  118.23	  144.50	
1303	-	  102.00	   92.73	    0.00	
1304	-	   85.00	   69.55	   69.55	
1305	-	  153.00	    0.00	  229.50	
1306	-	  195.50	  159.95	  159.95	
1307	-	   76.50	    0.00	    0.00	
1308	-	  127.50	  185.45	  255.00	
1309	-	  178.50	  231.82	   25.50	
1310	-	   25.50	  139.09	  255.00	
1311	-	  229.50	   92.73	  102.00	
1312	-	  229.50	  162.27	  127.50	
1313	-	  102.00	  208.64	  102.00	
1314	-	  178.50	  162.27	  102.00	
1315	-	  178.50	   46.36	  127.50	
1316	-	  204.00	   46.36	  178.50	
1317	-	  204.00	  185.45	  127.50	
1318	-	  229.50	   46.36	    0.00	
1319	-	  153.00	   23.18	   25.50	
1320	-	   51.00	  208.64	  178.50	
1321	-	    0.00	    0.00	  153.00	
1322	-	  102.00	   23.18	   76.50	
1323	-	   51.00	  185.45	    0.00	
1324	-	  255.00	   92.73	   51.00	
1325	-	   51.00	    0.00	    0.00	
1326	-	  102.00	   69.55	  127.50	
1327	-	    0.00	   69.55	   76.50	
1328	-	   25.50	    0.00	    0.00	
1329	-	  153.00	    0.00	    0.00	
1330	-	  204.00	   46.36	  153.00	
1331	-	  178.50	  185.45	  255.00	
1332	-	  178.50	  185.45	   76.50	
1333	-	   97.36	  119.00	   97.36	
1334	-	   76.50	  255.00	   51.00	
1335	-	   76.50	  139.09	  229.50	
1336	-	   27.82	   27.82	   34.00	
1337	-	  204.00	    0.00	  204.00	
1338	-	  102.00	  231.82	   76.50	
1339	-	  153.00	  139.09	   25.50	
1340	-	    0.00	  139.09	    0.00	
1341	-	   51.00	  115.91	   76.50	
1342	-	   76.50	   23.18	   51.00	
1343	-	  204.00	   69.55	   51.00	
1344	-	   25.50	   23.18	  229.50	
1345	-	  102.00	   69.55	  204.00	
1346	-	  204.00	    0.00	   76.50	
1347	-	  127.50	  162.27	  229.50	
1348	-	   76.50	   46.36	    0.00	
1349	-	   25.50	   23.18	   51.00	
1350	-	  178.50	   92.73	  229.50	
1351	-	  204.00	   23.18	   51.00	
1352	-	    0.00	  255.00	    0.00	
1353	-	  178.50	   23.18	   76.50	
1354	-	  229.50	    0.00	   76.50	
1355	-	  153.00	   69.55	    0.00	
1356	-	   76.50	  255.00	  229.50	
1357	-	   51.00	  162.27	  204.00	
1358	-	   69.55	   69.55	   85.00	
1359	-	  178.50	  231.82	  229.50	
1360	-	    0.00	  162.27	   51.00	
1361	-	    0.00	  208.64	  102.00	
1362	-	  204.00	    0.00	   51.00	
1363	-	  229.50	   69.55	   76.50	
1364	-	  102.00	   23.18	  204.00	
1365	-	   51.00	   69.55	  127.50	
1366	-	  255.00	  115.91	    0.00	
1367	-	  204.00	   92.73	  204.00	
1368	-	   51.00	  115.91	   25.50	
1369	-	    0.00	  208.64	  255.00	
1370	-	   51.00	   46.36	  229.50	
1371	-	   25.50	  231.82	  255.00	
1372	-	   51.00	  162.27	  255.00	
1373	-	  204.00	  139.09	  153.00	
1374	-	  136.00	  111.27	  111.27	
1375	-	  204.00	   46.36	  229.50	
1376	-	   51.00	  162.27	   25.50	
1377	-	  229.50	   46.36	   51.00	
1378	-	   51.00	    0.00	  102.00	
1379	-	  153.00	  139.09	   76.50	
1380	-	  178.50	  231.82	  153.00	
1381	-	    0.00	    0.00	    0.00	
1382	-	  178.50	  162.27	   25.50	
1383	-	  229.50	   92.73	   25.50	
1384	-	  204.00	  139.09	  102.00	
1385	-	  127.50	  139.09	  178.50	
1386	-	  204.00	  185.45	  229.50	
1387	-	  102.00	  208.64	   76.50	
1388	-	  102.00	  185.45	  153.00	
1389	-	  153.00	  162.27	  204.00	
1390	-	   76.50	  185.45	    0.00	
1391	-	  178.50	   69.55	  255.00	
1392	-	    0.00	  231.82	  102.00	
1393	-	  204.00	  115.91	  204.00	
1394	-	  153.00	  139.09	  229.50	
1395	-	  153.00	  208.64	   51.00	
1396	-	  102.00	   46.36	   25.50	
1397	-	  127.50	   92.73	   76.50	
1398	-	   25.50	  185.45	   51.00	
1399	-	  255.00	   46.36	   25.50	
1400	-	   76.50	  139.09	  127.50	
1401	-	  255.00	  231.82	  102.00	
1402	-	   76.50	  231.82	   25.50	
1403	-	  229.50	   46.36	  204.00	
1404	-	  102.00	  115.91	  178.50	
1405	-	   51.00	   23.18	   76.50	
1406	-	  153.00	  231.82	  178.50	
1407	-	  229.50	  185.45	  102.00	
1408	-	  229.50	  162.27	  178.50	
1409	-	  153.00	  185.45	  204.00	
1410	-	   76.50	  231.82	  229.50	
1411	-	  178.50	    0.00	  229.50	
1412	-	  178.50	   69.55	   76.50	
1413	-	  204.00	  255.00	   76.50	
1414	-	  187.77	  187.77	  229.50	
1415	-	  153.00	   69.55	  178.50	
1416	-	  255.00	   23.18	  229.50	
1417	-	  153.00	    0.00	   25.50	
1418	-	   51.00	  255.00	   25.50	
1419	-	  255.00	   23.18	  255.00	
1420	-	  102.00	   46.36	   51.00	
1421	-	  255.00	  255.00	  178.50	
1422	-	  127.50	    0.00	    0.00	
1423	-	  127.50	    0.00	  229.50	
1424	-	  255.00	  231.82	   25.50	
1425	-	  229.50	  208.64	  153.00	
1426	-	   25.50	  208.64	  255.00	
1427	-	    0.00	   23.18	  102.00	
1428	-	  229.50	  162.27	   51.00	
1429	-	  178.50	  231.82	  255.00	
1430	-	   25.50	   46.36	  229.50	
1431	-	   25.50	    0.00	   51.00	
1432	-	   76.50	  208.64	  127.50	
1433	-	   76.50	  115.91	  153.00	
1434	-	  229.50	   46.36	  255.00	
1435	-	  127.50	  162.27	   76.50	
1436	-	  178.50	  185.45	    0.00	
1437	-	  204.00	  255.00	  102.00	
1438	-	  255.00	  231.82	   76.50	
1439	-	   51.00	  185.45	  229.50	
1440	-	  255.00	   92.73	   76.50	
1441	-	  229.50	   92.73	   51.00	
1442	-	  102.00	   23.18	    0.00	
1443	-	  255.00	  115.91	  204.00	
1444	-	   25.50	  208.64	   25.50	
1445	-	  102.00	  115.91	    0.00	
1446	-	   34.00	   27.82	   27.82	
1447	-	  127.50	  255.00	  204.00	
1448	-	  127.50	   23.18	  178.50	
1449	-	   51.00	  231.82	   25.50	
1450	-	   25.50	  162.27	  153.00	
1451	-	  255.00	    0.00	   76.50	
1452	-	    0.00	  255.00	  153.00	
1453	-	   76.50	   92.73	  255.00	
1454	-	   51.00	   92.73	  204.00	
1455	-	   25.50	  208.64	  204.00	
1456	-	  144.50	  118.23	  118.23	
1457	-	   76.50	  162.27	  127.50	
1458	-	  132.14	  161.50	  132.14	
1459	-	   51.00	   23.18	  127.50	
1460	-	    0.00	  162.27	   25.50	
1461	-	  255.00	  255.00	   25.50	
1462	-	  153.00	  208.64	  229.50	
1463	-	  178.50	  115.91	   51.00	
1464	-	   76.50	   23.18	  127.50	
1465	-	  178.50	  255.00	  229.50	
1466	-	    0.00	  255.00	   76.50	
1467	-	  127.50	  231.82	  204.00	
1468	-	  153.00	  208.64	    0.00	
1469	-	  153.00	  255.00	   25.50	
1470	-	  178.50	  162.27	  204.00	
1471	-	  178.50	  185.45	  153.00	
1472	-	  102.00	  115.91	  127.50	
1473	-	  153.00	  115.91	  153.00	
1474	-	  255.00	  255.00	  102.00	
1475	-	   76.50	  162.27	   76.50	
1476	-	  255.00	   69.55	  102.00	
1477	-	  153.00	  162.27	  255.00	
1478	-	    0.00	   92.73	  204.00	
1479	-	  229.50	   46.36	   76.50	
1480	-	  255.00	  139.09	   51.00	
1481	-	   51.00	   69.55	  178.50	
1482	-	  153.00	  231.82	  153.00	
1483	-	  102.00	    0.00	   25.50	
1484	-	  153.00	  139.09	  255.00	
1485	-	  153.00	  185.45	  178.50	
1486	-	   76.50	  162.27	   51.00	
1487	-	   51.00	   69.55	  255.00	
1488	-	  204.00	   46.36	  255.00	
1489	-	   76.50	  255.00	  127.50	
1490	-	  255.00	  185.45	  204.00	
1491	-	  102.00	  208.64	  204.00	
1492	-	  255.00	   23.18	  102.00	
1493	-	   76.50	  255.00	   25.50	
1494	-	  178.50	  208.64	  102.00	
1495	-	  153.00	   69.55	  102.00	
1496	-	  229.50	  139.09	  127.50	
1497	-	  127.50	   23.18	    0.00	
1498	-	  127.50	  208.64	  255.00	
1499	-	  204.00	  208.64	  255.00	
1500	-	  255.00	   69.55	   76.50	
1501	-	  127.50	  162.27	  255.00	
1502	-	    0.00	    0.00	   76.50	
1503	-	  255.00	  231.82	   51.00	
1504	-	  153.00	  115.91	  229.50	
1505	-	  229.50	  208.64	  255.00	
1506	-	  153.00	   46.36	  102.00	
1507	-	  229.50	   69.55	  204.00	
1508	-	   51.00	  185.45	   76.50	
1509	-	   51.00	   92.73	  127.50	
1510	-	    0.00	   92.73	    0.00	
1511	-	  178.50	   92.73	  153.00	
1512	-	   51.00	   69.55	   76.50	
1513	-	  180.82	  180.82	  221.00	
1514	-	  204.00	  231.82	  255.00	
1515	-	   76.50	  185.45	  127.50	
1516	-	  102.00	   23.18	   51.00	
1517	-	   25.50	   20.86	   20.86	
1518	-	   25.50	  255.00	  178.50	
1519	-	    0.00	  139.09	  102.00	
1520	-	   25.50	  185.45	  102.00	
1521	-	   15.45	   15.45	   15.45	
1522	-	  153.00	   92.73	    0.00	
1523	-	  146.82	  146.82	  146.82	
1524	-	  255.00	  255.00	  229.50	
1525	-	   76.50	  162.27	  255.00	
1526	-	   76.50	   23.18	  255.00	
1527	-	    0.00	   23.18	   25.50	
1528	-	  139.09	  139.09	  139.09	
1529	-	    0.00	  139.09	   25.50	
1530	-	   76.50	   92.73	    0.00	
1531	-	  255.00	  162.27	   76.50	
1532	-	  204.00	   69.55	  127.50	
1533	-	  255.00	  185.45	  127.50	
1534	-	  102.00	  208.64	  229.50	
1535	-	  229.50	  208.64	  127.50	
1536	-	   25.50	  139.09	  127.50	
1537	-	  153.00	  231.82	   76.50	
1538	-	  178.50	  139.09	    0.00	
1539	-	  102.00	  185.45	   51.00	
1540	-	   25.50	   46.36	  102.00	
1541	-	   25.50	   46.36	   76.50	
1542	-	  255.00	  231.82	  255.00	
1543	-	   51.00	  139.09	  102.00	
1544	-	  102.00	  162.27	  229.50	
1545	-	   90.41	  110.50	   90.41	
1546	-	    0.00	   23.18	   76.50	
1547	-	   51.00	  231.82	  153.00	
1548	-	  204.00	  162.27	   76.50	
1549	-	  102.00	  139.09	  102.00	
1550	-	    0.00	    0.00	  204.00	
1551	-	  229.50	  115.91	  102.00	
1552	-	  102.00	  115.91	  102.00	
1553	-	  153.00	   46.36	  204.00	
1554	-	    0.00	  115.91	  255.00	
1555	-	  127.50	    0.00	   51.00	
1556	-	   25.50	  231.82	  178.50	
1557	-	  102.00	   46.36	    0.00	
1558	-	   76.50	   23.18	  102.00	
1559	-	    0.00	  115.91	   76.50	
1560	-	  102.00	  139.09	   25.50	
1561	-	  229.50	   23.18	    0.00	
1562	-	  255.00	  115.91	  229.50	
1563	-	  229.50	   23.18	  178.50	
1564	-	   76.50	    0.00	  204.00	
1565	-	  127.50	  255.00	  127.50	
1566	-	   25.50	  162.27	   25.50	
1567	-	  153.00	  162.27	  102.00	
1568	-	   51.00	  139.09	   51.00	
1569	-	  229.50	  115.91	   51.00	
1570	-	  166.91	  166.91	  204.00	
1571	-	   25.50	  255.00	  229.50	
1572	-	  204.00	   69.55	   25.50	
1573	-	    0.00	   92.73	  102.00	
1574	-	   25.50	   46.36	    0.00	
1575	-	    0.00	   23.18	  153.00	
1576	-	    0.00	   46.36	  102.00	
1577	-	   25.50	  208.64	  153.00	
1578	-	   25.50	   46.36	   25.50	
1579	-	  127.50	  255.00	   25.50	
1580	-	  153.00	  208.64	  153.00	
1581	-	   25.50	  208.64	   51.00	
1582	-	  221.00	  180.82	  180.82	
1583	-	  255.00	  115.91	  255.00	
1584	-	  255.00	  208.64	  204.00	
1585	-	  229.50	  185.45	   76.50	
1586	-	   25.50	  185.45	  178.50	
END_DATA
