CGATS.17

ORIGINATOR	"i1Profiler - X-Rite, Inc."
INSTRUMENTATION	"i1Pro 3 ; Serial number 0"
DESCRIPTOR	"Chart 2033 Patches"
FILTER	""
CREATED		"2025-04-06T20:23:11"

NUMBER_OF_FIELDS	5
BEGIN_DATA_FORMAT
SAMPLE_ID	SAMPLE_NAME	RGB_R	RGB_G	RGB_B	
END_DATA_FORMAT

NUMBER_OF_SETS	2033
BEGIN_DATA
1	-	   23.18	  212.50	  255.00	
2	-	  255.00	   85.00	  231.82	
3	-	   69.55	  170.00	  208.64	
4	-	   69.55	  148.75	  162.27	
5	-	   92.73	  106.25	  231.82	
6	-	  208.64	  106.25	   92.73	
7	-	  185.45	  148.75	  162.27	
8	-	   46.36	   63.75	   92.73	
9	-	   23.18	  127.50	  115.91	
10	-	  162.27	  170.00	   92.73	
11	-	  139.09	  233.75	   92.73	
12	-	  231.82	   63.75	  185.45	
13	-	   23.18	   63.75	    0.00	
14	-	  255.00	  191.25	  208.64	
15	-	  208.64	   85.00	   46.36	
16	-	   23.18	  233.75	   92.73	
17	-	  162.27	  255.00	   46.36	
18	-	  127.50	  127.50	  127.50	
19	-	  231.82	  212.50	   23.18	
20	-	   23.18	   21.25	  139.09	
21	-	  176.07	  176.07	  176.07	
22	-	   46.36	  127.50	    0.00	
23	-	   69.55	   85.00	  139.09	
24	-	   23.18	  106.25	   23.18	
25	-	  162.27	  233.75	  162.27	
26	-	   23.18	  233.75	  115.91	
27	-	  185.45	  255.00	   23.18	
28	-	  185.45	   85.00	  208.64	
29	-	   23.18	    0.00	  115.91	
30	-	  185.45	   42.50	  162.27	
31	-	  208.64	  233.75	  231.82	
32	-	   92.73	  212.50	   69.55	
33	-	  185.45	    0.00	    0.00	
34	-	  208.64	  106.25	  162.27	
35	-	    0.00	  148.75	  231.82	
36	-	   23.18	   21.25	  162.27	
37	-	  162.27	  170.00	   69.55	
38	-	   92.73	  233.75	  162.27	
39	-	  231.82	  191.25	  139.09	
40	-	  139.09	  233.75	   23.18	
41	-	  255.00	  255.00	    0.00	
42	-	  162.27	   42.50	   69.55	
43	-	  231.82	  148.75	    0.00	
44	-	  208.64	  255.00	  162.27	
45	-	   23.18	  191.25	   46.36	
46	-	   69.55	   63.75	   69.55	
47	-	  208.64	  148.75	   69.55	
48	-	  115.91	   42.50	  139.09	
49	-	    0.00	  148.75	   69.55	
50	-	  185.45	  233.75	   92.73	
51	-	   69.55	  148.75	  255.00	
52	-	  115.91	    0.00	    0.00	
53	-	    0.00	  170.00	  231.82	
54	-	   46.36	  212.50	    0.00	
55	-	   69.55	   21.25	   23.18	
56	-	  255.00	  212.50	   69.55	
57	-	    0.00	  233.75	  162.27	
58	-	   92.73	   42.50	  162.27	
59	-	  231.82	  106.25	  115.91	
60	-	    0.00	   42.50	  208.64	
61	-	  255.00	   85.00	  162.27	
62	-	   69.55	   42.50	   92.73	
63	-	  208.64	  255.00	  208.64	
64	-	   46.36	  255.00	  115.91	
65	-	    0.00	  233.75	  139.09	
66	-	  231.82	  191.25	    0.00	
67	-	  255.00	  127.50	   69.55	
68	-	    0.00	  170.00	  115.91	
69	-	  230.15	  188.31	  188.31	
70	-	   46.36	  255.00	    0.00	
71	-	   23.18	   21.25	   23.18	
72	-	   92.73	  148.75	  162.27	
73	-	  139.09	  148.75	   23.18	
74	-	   23.18	  148.75	  162.27	
75	-	    0.00	    0.00	  162.27	
76	-	   92.73	  233.75	  255.00	
77	-	  139.09	   63.75	  162.27	
78	-	  208.64	  233.75	  255.00	
79	-	   92.73	  127.50	  255.00	
80	-	  231.82	  170.00	  208.64	
81	-	   23.18	  255.00	    0.00	
82	-	   69.55	  212.50	   23.18	
83	-	    0.00	  170.00	  162.27	
84	-	  231.82	  127.50	  162.27	
85	-	   69.55	  255.00	   46.36	
86	-	  185.45	    0.00	  115.91	
87	-	  176.54	  176.54	  215.77	
88	-	  162.27	  191.25	   46.36	
89	-	  162.27	   85.00	  208.64	
90	-	  185.45	   42.50	  139.09	
91	-	  115.91	   42.50	  115.91	
92	-	  208.64	  106.25	   23.18	
93	-	   92.73	  255.00	  115.91	
94	-	  185.45	  212.50	  139.09	
95	-	  115.91	   63.75	  162.27	
96	-	   23.18	   85.00	   92.73	
97	-	   69.55	   42.50	   69.55	
98	-	   69.55	  170.00	    0.00	
99	-	  231.82	  106.25	  255.00	
100	-	  255.00	  191.25	  231.82	
101	-	  162.27	   85.00	  255.00	
102	-	  255.00	  170.00	  208.64	
103	-	  162.27	   21.25	   92.73	
104	-	   23.18	  233.75	   23.18	
105	-	  139.09	   63.75	   46.36	
106	-	   69.55	  191.25	  231.82	
107	-	   76.50	   76.50	   93.50	
108	-	  255.00	  106.25	  162.27	
109	-	   46.36	  106.25	   46.36	
110	-	  115.91	  233.75	  208.64	
111	-	    0.00	  106.25	   23.18	
112	-	   92.73	  170.00	    0.00	
113	-	  231.82	  255.00	    0.00	
114	-	  158.88	  194.19	  158.88	
115	-	  162.27	   85.00	   46.36	
116	-	    0.00	    0.00	    0.00	
117	-	  162.27	  148.75	   46.36	
118	-	   23.18	  191.25	  255.00	
119	-	  205.96	  251.73	  205.96	
120	-	  185.45	  106.25	  139.09	
121	-	  185.45	  191.25	   69.55	
122	-	  139.09	   21.25	  162.27	
123	-	    0.00	  212.50	  231.82	
124	-	  115.91	  127.50	  185.45	
125	-	   92.73	    0.00	  115.91	
126	-	  162.27	  233.75	   69.55	
127	-	   69.55	  127.50	   23.18	
128	-	    0.00	  212.50	  139.09	
129	-	   46.36	  127.50	  208.64	
130	-	  139.09	  255.00	   69.55	
131	-	   69.55	   63.75	  185.45	
132	-	   46.36	   42.50	  139.09	
133	-	    0.00	    0.00	  185.45	
134	-	  185.45	  255.00	  185.45	
135	-	   46.36	  148.75	  231.82	
136	-	  115.91	   85.00	  255.00	
137	-	   69.55	  148.75	  185.45	
138	-	  231.82	  212.50	  115.91	
139	-	   69.55	  106.25	  162.27	
140	-	    0.00	  212.50	  185.45	
141	-	   69.55	   63.75	  255.00	
142	-	   92.73	   85.00	  115.91	
143	-	  115.91	  106.25	  115.91	
144	-	  231.82	  191.25	  255.00	
145	-	  162.27	   42.50	  115.91	
146	-	   23.18	  127.50	  185.45	
147	-	  162.27	  170.00	  231.82	
148	-	  115.91	  127.50	  115.91	
149	-	  139.09	  148.75	  162.27	
150	-	   46.36	   42.50	  255.00	
151	-	  115.91	   21.25	  208.64	
152	-	   23.18	  106.25	  208.64	
153	-	  231.82	   85.00	  139.09	
154	-	    0.00	   21.25	  185.45	
155	-	   69.55	   63.75	   46.36	
156	-	   46.36	  255.00	  231.82	
157	-	    0.00	  127.50	  231.82	
158	-	  185.45	  127.50	  255.00	
159	-	   69.55	  191.25	  115.91	
160	-	   46.36	  191.25	   23.18	
161	-	   46.36	  127.50	  139.09	
162	-	   23.18	    0.00	  139.09	
163	-	   92.73	   42.50	   23.18	
164	-	  255.00	  191.25	   92.73	
165	-	  162.27	  233.75	   92.73	
166	-	  208.64	  233.75	   46.36	
167	-	    0.00	   42.50	   69.55	
168	-	  151.79	  151.79	  151.79	
169	-	  231.82	  170.00	  139.09	
170	-	  231.82	  127.50	   92.73	
171	-	   23.18	  148.75	   23.18	
172	-	  162.27	   42.50	  208.64	
173	-	  139.09	  233.75	  162.27	
174	-	  185.45	   63.75	  115.91	
175	-	   69.55	  127.50	  231.82	
176	-	  208.64	   85.00	  255.00	
177	-	    0.00	    0.00	  208.64	
178	-	   23.18	  170.00	  208.64	
179	-	  162.27	  191.25	  115.91	
180	-	   23.18	  148.75	   69.55	
181	-	  115.91	   63.75	  231.82	
182	-	   23.18	  106.25	  139.09	
183	-	   92.73	  233.75	  208.64	
184	-	   46.36	  191.25	  115.91	
185	-	   92.73	  191.25	  255.00	
186	-	   92.73	  191.25	  162.27	
187	-	   69.55	   63.75	  115.91	
188	-	  162.27	  233.75	  255.00	
189	-	  162.27	  191.25	  185.45	
190	-	  162.27	    0.00	  208.64	
191	-	   92.73	    0.00	   69.55	
192	-	   92.73	   21.25	  162.27	
193	-	  255.00	   85.00	  139.09	
194	-	   69.55	  127.50	  115.91	
195	-	   69.55	   42.50	   23.18	
196	-	  139.09	    0.00	  162.27	
197	-	    0.00	   21.25	  139.09	
198	-	  145.71	  145.71	  145.71	
199	-	  255.00	  255.00	   92.73	
200	-	  115.91	   85.00	   92.73	
201	-	  182.14	  182.14	  182.14	
202	-	  185.45	    0.00	  162.27	
203	-	   92.73	   63.75	  255.00	
204	-	   92.73	  170.00	   46.36	
205	-	  162.27	  233.75	  115.91	
206	-	  255.00	  255.00	  231.82	
207	-	  208.64	  212.50	  115.91	
208	-	   23.18	  191.25	  231.82	
209	-	  208.64	  212.50	  208.64	
210	-	  139.09	  191.25	   69.55	
211	-	  115.91	    0.00	  162.27	
212	-	  208.64	   85.00	  162.27	
213	-	  205.96	  205.96	  251.73	
214	-	   23.18	   21.25	   92.73	
215	-	   23.18	   63.75	  185.45	
216	-	  162.27	  255.00	  162.27	
217	-	  185.45	   63.75	   69.55	
218	-	   23.18	  191.25	  139.09	
219	-	  139.09	  212.50	   23.18	
220	-	    0.00	  127.50	  139.09	
221	-	  185.45	   85.00	  115.91	
222	-	  231.82	    0.00	   69.55	
223	-	   23.18	  106.25	  231.82	
224	-	  162.27	   85.00	  231.82	
225	-	   23.18	   21.25	   46.36	
226	-	   46.36	  148.75	  115.91	
227	-	  208.64	    0.00	   23.18	
228	-	   46.36	  191.25	  185.45	
229	-	  255.00	    0.00	  185.45	
230	-	   69.55	  233.75	  115.91	
231	-	  206.43	  206.43	  206.43	
232	-	   57.54	   47.08	   47.08	
233	-	  185.45	  148.75	  185.45	
234	-	   69.55	  106.25	   69.55	
235	-	  231.82	  170.00	   46.36	
236	-	    0.00	  170.00	   69.55	
237	-	   69.55	  212.50	    0.00	
238	-	   69.55	  148.75	   69.55	
239	-	   46.36	  106.25	   69.55	
240	-	    0.00	  148.75	   23.18	
241	-	  255.00	  233.75	   46.36	
242	-	  255.00	  127.50	  162.27	
243	-	    0.00	  233.75	  255.00	
244	-	    0.00	  191.25	  231.82	
245	-	  107.88	   88.27	   88.27	
246	-	  208.64	   63.75	   69.55	
247	-	  139.09	   63.75	   92.73	
248	-	    0.00	  212.50	  162.27	
249	-	  185.45	  170.00	  231.82	
250	-	  162.27	  127.50	   23.18	
251	-	   23.18	  255.00	  255.00	
252	-	  162.27	  170.00	  208.64	
253	-	  100.04	  100.04	  122.27	
254	-	  231.82	   85.00	  255.00	
255	-	  115.91	    0.00	   46.36	
256	-	  162.27	   63.75	   23.18	
257	-	   23.18	  127.50	  162.27	
258	-	    0.00	   85.00	  231.82	
259	-	   92.73	  148.75	  231.82	
260	-	   23.18	    0.00	   23.18	
261	-	   46.36	   21.25	  162.27	
262	-	    0.00	  170.00	  185.45	
263	-	   46.36	  170.00	  231.82	
264	-	  139.09	   21.25	  139.09	
265	-	  242.86	  242.86	  242.86	
266	-	    5.88	    5.88	    7.19	
267	-	   46.36	  170.00	  255.00	
268	-	  139.09	  233.75	    0.00	
269	-	   46.36	   42.50	  231.82	
270	-	  185.45	   21.25	   69.55	
271	-	  115.91	  212.50	  208.64	
272	-	   69.55	  148.75	  139.09	
273	-	  208.64	  170.00	   46.36	
274	-	  115.91	  255.00	  255.00	
275	-	  255.00	   21.25	  255.00	
276	-	  255.00	   42.50	  231.82	
277	-	  255.00	   42.50	   23.18	
278	-	  208.64	  233.75	  162.27	
279	-	  231.82	  255.00	  162.27	
280	-	    0.00	  255.00	  255.00	
281	-	  162.27	  255.00	  255.00	
282	-	  231.82	  170.00	   92.73	
283	-	    0.00	  212.50	   23.18	
284	-	  255.00	    0.00	   23.18	
285	-	   92.73	  191.25	    0.00	
286	-	   92.73	  255.00	   46.36	
287	-	  255.00	   85.00	   46.36	
288	-	  115.91	   21.25	   69.55	
289	-	  115.91	  170.00	   69.55	
290	-	   69.55	    0.00	   23.18	
291	-	  255.00	  106.25	  255.00	
292	-	  185.45	  233.75	  162.27	
293	-	  208.64	  255.00	   69.55	
294	-	   46.36	  212.50	   92.73	
295	-	    0.00	  170.00	  255.00	
296	-	   69.55	   21.25	  139.09	
297	-	  231.82	   42.50	   46.36	
298	-	  115.91	   85.00	  231.82	
299	-	   92.73	   85.00	  162.27	
300	-	  115.91	  255.00	  231.82	
301	-	   46.36	   21.25	  231.82	
302	-	  115.91	   42.50	   92.73	
303	-	    0.00	   21.25	  255.00	
304	-	  231.82	  233.75	  162.27	
305	-	  115.91	  106.25	  185.45	
306	-	  231.82	   42.50	  231.82	
307	-	  162.27	  148.75	  139.09	
308	-	  231.82	  106.25	   69.55	
309	-	  139.09	   42.50	   69.55	
310	-	   47.08	   47.08	   57.54	
311	-	   46.36	   21.25	  255.00	
312	-	  231.82	  191.25	   69.55	
313	-	  139.09	  148.75	   92.73	
314	-	    0.00	  233.75	  115.91	
315	-	  255.00	  127.50	  231.82	
316	-	  231.82	  191.25	  115.91	
317	-	   46.36	   85.00	  162.27	
318	-	   23.18	   42.50	  231.82	
319	-	  139.09	    0.00	   23.18	
320	-	  255.00	   21.25	  115.91	
321	-	   69.55	   42.50	  139.09	
322	-	  208.64	  191.25	  208.64	
323	-	   46.36	  255.00	   69.55	
324	-	  255.00	    0.00	   46.36	
325	-	   46.36	  191.25	   46.36	
326	-	    0.00	   42.50	   23.18	
327	-	  139.09	  148.75	  208.64	
328	-	  139.09	  255.00	  208.64	
329	-	  255.00	   63.75	  231.82	
330	-	  139.09	  127.50	  162.27	
331	-	   46.36	  191.25	  208.64	
332	-	   69.55	  170.00	   46.36	
333	-	   86.31	   70.62	   70.62	
334	-	   82.38	  100.69	   82.38	
335	-	   92.73	  106.25	   46.36	
336	-	  208.64	   42.50	   92.73	
337	-	   92.73	  212.50	  115.91	
338	-	    0.00	   85.00	  208.64	
339	-	   28.77	   23.54	   23.54	
340	-	  231.82	  212.50	  139.09	
341	-	   69.55	  191.25	    0.00	
342	-	   69.55	  255.00	  185.45	
343	-	  115.91	  233.75	   46.36	
344	-	  123.58	  151.04	  123.58	
345	-	   23.18	  148.75	   46.36	
346	-	  139.09	  127.50	   46.36	
347	-	  185.45	  212.50	   69.55	
348	-	  115.91	  255.00	  208.64	
349	-	  231.82	  148.75	  255.00	
350	-	   46.36	   42.50	   23.18	
351	-	  185.45	  191.25	   92.73	
352	-	   46.36	  212.50	  255.00	
353	-	   43.15	   35.31	   35.31	
354	-	   46.36	  148.75	  208.64	
355	-	   92.73	  191.25	   69.55	
356	-	  185.45	  212.50	  255.00	
357	-	   69.55	  233.75	  255.00	
358	-	   69.55	   21.25	  231.82	
359	-	  115.91	  255.00	    0.00	
360	-	   69.55	  148.75	   23.18	
361	-	  162.27	  255.00	  231.82	
362	-	   69.55	  233.75	  162.27	
363	-	  208.64	  233.75	    0.00	
364	-	  115.91	  191.25	    0.00	
365	-	  208.64	   21.25	   69.55	
366	-	   23.18	   85.00	  115.91	
367	-	  139.09	  148.75	  115.91	
368	-	  185.45	  106.25	  115.91	
369	-	    0.00	  255.00	  139.09	
370	-	  231.82	  106.25	  208.64	
371	-	   92.73	  233.75	    0.00	
372	-	  185.45	  191.25	  231.82	
373	-	  185.45	   85.00	  231.82	
374	-	    0.00	  255.00	  162.27	
375	-	  208.64	   63.75	  162.27	
376	-	   46.36	  233.75	  139.09	
377	-	   69.55	   85.00	  162.27	
378	-	  115.91	  191.25	  185.45	
379	-	  185.45	   63.75	   92.73	
380	-	  185.45	  106.25	   46.36	
381	-	   92.73	    0.00	  139.09	
382	-	  255.00	  170.00	  162.27	
383	-	  162.27	   63.75	  231.82	
384	-	    0.00	  212.50	   92.73	
385	-	    0.00	   21.25	   23.18	
386	-	   69.55	  106.25	  139.09	
387	-	  251.73	  205.96	  205.96	
388	-	  115.91	  106.25	   23.18	
389	-	  162.27	   21.25	  139.09	
390	-	   23.18	   85.00	  185.45	
391	-	  208.64	  127.50	  255.00	
392	-	  139.09	   63.75	    0.00	
393	-	  115.91	  170.00	   46.36	
394	-	   69.55	    0.00	  139.09	
395	-	   23.18	  127.50	  208.64	
396	-	  139.09	  127.50	  139.09	
397	-	   92.73	   85.00	   92.73	
398	-	  231.82	  127.50	  139.09	
399	-	  255.00	  148.75	   23.18	
400	-	   69.55	   85.00	  231.82	
401	-	   23.18	  148.75	   92.73	
402	-	   92.73	   21.25	  255.00	
403	-	  231.82	    0.00	   23.18	
404	-	    0.00	   85.00	    0.00	
405	-	  139.09	   21.25	  231.82	
406	-	  255.00	  148.75	   69.55	
407	-	  231.82	  233.75	  231.82	
408	-	    0.00	    0.00	  162.27	
409	-	  231.82	  233.75	   69.55	
410	-	  162.27	   42.50	  255.00	
411	-	  115.08	   94.15	   94.15	
412	-	    0.00	   21.25	  162.27	
413	-	    0.00	    0.00	  255.00	
414	-	  188.31	  188.31	  230.15	
415	-	  231.82	  191.25	   23.18	
416	-	   23.18	  212.50	   69.55	
417	-	  231.82	   21.25	  162.27	
418	-	  255.00	   85.00	  255.00	
419	-	   18.21	   18.21	   18.21	
420	-	  139.09	  233.75	  115.91	
421	-	  162.27	  148.75	   69.55	
422	-	  139.09	  127.50	   69.55	
423	-	  255.00	  233.75	   23.18	
424	-	  139.09	  191.25	  231.82	
425	-	  139.09	  191.25	    0.00	
426	-	  162.27	  191.25	  139.09	
427	-	   69.55	   21.25	   69.55	
428	-	   69.55	  191.25	   23.18	
429	-	  231.82	   63.75	  162.27	
430	-	   23.18	  127.50	  255.00	
431	-	  139.09	   85.00	  255.00	
432	-	  255.00	   21.25	   23.18	
433	-	   69.55	   63.75	  208.64	
434	-	   69.55	   21.25	   92.73	
435	-	  208.64	  212.50	   92.73	
436	-	    0.00	  106.25	  231.82	
437	-	  185.45	  255.00	  139.09	
438	-	   69.55	  255.00	  115.91	
439	-	   23.18	  170.00	   92.73	
440	-	   46.36	   85.00	   46.36	
441	-	  172.62	  141.23	  141.23	
442	-	   23.18	   63.75	  162.27	
443	-	  115.91	   85.00	  208.64	
444	-	  103.21	  103.21	  103.21	
445	-	  139.09	  212.50	  185.45	
446	-	  185.45	   21.25	   46.36	
447	-	  162.27	   63.75	   69.55	
448	-	   23.18	   21.25	  255.00	
449	-	  139.09	  148.75	   46.36	
450	-	  129.46	  158.23	  129.46	
451	-	  162.27	  191.25	   69.55	
452	-	  185.45	   21.25	  208.64	
453	-	   69.55	  255.00	  139.09	
454	-	  162.27	   63.75	  162.27	
455	-	   23.18	  191.25	   92.73	
456	-	  231.82	  212.50	    0.00	
457	-	  208.64	   42.50	  208.64	
458	-	   46.36	   63.75	  162.27	
459	-	   23.18	  255.00	   46.36	
460	-	  208.64	   21.25	   23.18	
461	-	   69.55	   85.00	   69.55	
462	-	  162.27	  106.25	   69.55	
463	-	  162.27	   42.50	   46.36	
464	-	  115.91	  191.25	   92.73	
465	-	  255.00	   63.75	    0.00	
466	-	   23.18	  148.75	  255.00	
467	-	  194.29	  194.29	  194.29	
468	-	  208.64	  106.25	  185.45	
469	-	  162.27	  106.25	   46.36	
470	-	  162.27	   21.25	   69.55	
471	-	  255.00	   42.50	  162.27	
472	-	  115.91	   63.75	   46.36	
473	-	   23.18	  255.00	   92.73	
474	-	   69.55	  127.50	   46.36	
475	-	   69.55	  212.50	  208.64	
476	-	  115.91	  170.00	  231.82	
477	-	   92.73	   21.25	  115.91	
478	-	  231.82	  233.75	   46.36	
479	-	  115.91	  212.50	  185.45	
480	-	  115.91	    0.00	   23.18	
481	-	  208.64	  191.25	  231.82	
482	-	   46.36	    0.00	   23.18	
483	-	  255.00	   21.25	  231.82	
484	-	  208.64	   42.50	  162.27	
485	-	   92.73	   85.00	  185.45	
486	-	   69.55	  233.75	  139.09	
487	-	  208.64	  106.25	  139.09	
488	-	  185.45	  106.25	    0.00	
489	-	  162.27	  127.50	   92.73	
490	-	  255.00	  106.25	    0.00	
491	-	  208.64	  170.00	  208.64	
492	-	   23.54	   28.77	   23.54	
493	-	  237.35	  194.19	  194.19	
494	-	  139.09	   85.00	  208.64	
495	-	  208.64	   21.25	  115.91	
496	-	  139.09	  106.25	  185.45	
497	-	  231.82	  148.75	  115.91	
498	-	   46.36	  233.75	   69.55	
499	-	   92.73	  148.75	   92.73	
500	-	  162.27	   85.00	   23.18	
501	-	  139.09	  148.75	  231.82	
502	-	  208.64	  191.25	   69.55	
503	-	   69.55	   85.00	  185.45	
504	-	  255.00	  127.50	    0.00	
505	-	   23.18	   85.00	  208.64	
506	-	    0.00	  233.75	    0.00	
507	-	    0.00	   42.50	  162.27	
508	-	  115.91	  127.50	   69.55	
509	-	    0.00	  191.25	   92.73	
510	-	  255.00	  106.25	   46.36	
511	-	  208.64	  233.75	  208.64	
512	-	   69.55	  255.00	  231.82	
513	-	   46.36	   63.75	  139.09	
514	-	  162.27	  212.50	    0.00	
515	-	  185.45	  148.75	  255.00	
516	-	   92.73	   42.50	  255.00	
517	-	  139.09	  212.50	   92.73	
518	-	   64.73	   64.73	   79.12	
519	-	  188.21	  188.21	  188.21	
520	-	  105.92	  105.92	  129.46	
521	-	  255.00	   85.00	  185.45	
522	-	   69.55	   63.75	  162.27	
523	-	  231.82	   42.50	  255.00	
524	-	   46.36	   85.00	  185.45	
525	-	    0.00	  106.25	  162.27	
526	-	  231.82	  255.00	  115.91	
527	-	  255.00	  233.75	   69.55	
528	-	  208.64	    0.00	   69.55	
529	-	  208.64	  191.25	    0.00	
530	-	   69.55	  170.00	  162.27	
531	-	   92.73	  127.50	   23.18	
532	-	  139.09	   42.50	  231.82	
533	-	   92.73	   21.25	  185.45	
534	-	    0.00	  233.75	   23.18	
535	-	  185.45	  255.00	    0.00	
536	-	  139.09	  170.00	  115.91	
537	-	   41.19	   41.19	   50.35	
538	-	  255.00	  148.75	  185.45	
539	-	   69.55	    0.00	   69.55	
540	-	   69.55	   21.25	    0.00	
541	-	   69.55	  212.50	  162.27	
542	-	  115.91	  233.75	  255.00	
543	-	   46.36	   21.25	   46.36	
544	-	   23.18	  212.50	  231.82	
545	-	  208.64	  212.50	    0.00	
546	-	  115.91	  233.75	  185.45	
547	-	  255.00	  170.00	  115.91	
548	-	  162.27	    0.00	   92.73	
549	-	   92.73	    0.00	  162.27	
550	-	   69.55	  191.25	  208.64	
551	-	   52.96	   64.73	   52.96	
552	-	  139.09	   63.75	  185.45	
553	-	  188.31	  230.15	  188.31	
554	-	  208.64	   85.00	  139.09	
555	-	  231.82	  255.00	   23.18	
556	-	  162.27	  148.75	  115.91	
557	-	  255.00	    0.00	  162.27	
558	-	    0.00	  127.50	   23.18	
559	-	  208.64	   21.25	  162.27	
560	-	  255.00	  148.75	   92.73	
561	-	   92.73	    0.00	  231.82	
562	-	   92.73	  212.50	  139.09	
563	-	  162.27	  255.00	    0.00	
564	-	  139.09	  148.75	  139.09	
565	-	    5.88	    7.19	    5.88	
566	-	   92.73	  148.75	   69.55	
567	-	  201.38	  164.77	  164.77	
568	-	   46.36	  255.00	  185.45	
569	-	   92.73	  127.50	   69.55	
570	-	  255.00	  191.25	    0.00	
571	-	   54.64	   54.64	   54.64	
572	-	   23.18	   85.00	  139.09	
573	-	  162.27	  106.25	    0.00	
574	-	   69.55	  255.00	  255.00	
575	-	   69.55	  148.75	  115.91	
576	-	   46.36	  170.00	  115.91	
577	-	   23.18	  170.00	  162.27	
578	-	  185.45	  170.00	   46.36	
579	-	  139.09	  170.00	  185.45	
580	-	   92.73	   42.50	    0.00	
581	-	   46.36	  255.00	  208.64	
582	-	  185.45	    0.00	   46.36	
583	-	  185.45	  148.75	   92.73	
584	-	  255.00	   63.75	   46.36	
585	-	  208.64	  127.50	  231.82	
586	-	  185.45	   63.75	  255.00	
587	-	  115.91	   63.75	  185.45	
588	-	    0.00	  212.50	    0.00	
589	-	  115.91	  127.50	  231.82	
590	-	    0.00	    0.00	  115.91	
591	-	    0.00	  106.25	  115.91	
592	-	   23.18	   85.00	   23.18	
593	-	  139.09	  212.50	    0.00	
594	-	   46.36	  170.00	  162.27	
595	-	  139.09	  148.75	  255.00	
596	-	  231.82	   63.75	  139.09	
597	-	   46.36	  127.50	   92.73	
598	-	   92.73	  106.25	  185.45	
599	-	  185.45	  170.00	  115.91	
600	-	  231.82	  170.00	  255.00	
601	-	  231.82	   63.75	  255.00	
602	-	  200.08	  200.08	  244.54	
603	-	  162.27	   42.50	   23.18	
604	-	    0.00	  233.75	   69.55	
605	-	  185.45	  170.00	  162.27	
606	-	  162.27	    0.00	   46.36	
607	-	   46.36	   85.00	  115.91	
608	-	  182.42	  222.96	  182.42	
609	-	  115.91	   21.25	   46.36	
610	-	  185.45	   63.75	  208.64	
611	-	  185.45	  106.25	  255.00	
612	-	  185.45	  255.00	  255.00	
613	-	  231.82	  170.00	  185.45	
614	-	   30.36	   30.36	   30.36	
615	-	  139.09	  170.00	  162.27	
616	-	  255.00	  255.00	   23.18	
617	-	  185.45	  148.75	   69.55	
618	-	    0.00	   21.25	  208.64	
619	-	    0.00	  255.00	    0.00	
620	-	   69.55	   63.75	  231.82	
621	-	  231.82	   21.25	  208.64	
622	-	   46.36	  191.25	   92.73	
623	-	  208.64	   85.00	   23.18	
624	-	   88.27	   88.27	  107.88	
625	-	  162.27	  191.25	  255.00	
626	-	  231.82	   42.50	  185.45	
627	-	  162.27	  255.00	  185.45	
628	-	   23.18	   63.75	   23.18	
629	-	  162.27	   63.75	  115.91	
630	-	  208.64	    0.00	  115.91	
631	-	   70.62	   70.62	   86.31	
632	-	   23.18	    0.00	  162.27	
633	-	  139.09	  191.25	  255.00	
634	-	   72.86	   72.86	   72.86	
635	-	   23.18	  191.25	  208.64	
636	-	   46.36	  170.00	  208.64	
637	-	   23.18	   21.25	  208.64	
638	-	    0.00	  255.00	  231.82	
639	-	  208.64	  191.25	   23.18	
640	-	  185.45	  233.75	   23.18	
641	-	    0.00	  212.50	  208.64	
642	-	   23.18	    0.00	  208.64	
643	-	  255.00	    0.00	  139.09	
644	-	  208.64	  255.00	  255.00	
645	-	  208.64	  170.00	  185.45	
646	-	  231.82	    0.00	  255.00	
647	-	  115.91	  148.75	  139.09	
648	-	  139.09	  127.50	  115.91	
649	-	   46.36	   85.00	  139.09	
650	-	  162.27	  212.50	   46.36	
651	-	   92.73	  106.25	  255.00	
652	-	  162.27	   21.25	  115.91	
653	-	  185.45	  170.00	   92.73	
654	-	  170.65	  170.65	  208.58	
655	-	   23.18	  127.50	   23.18	
656	-	  139.09	   85.00	   46.36	
657	-	   46.36	  127.50	  185.45	
658	-	   23.18	  212.50	  162.27	
659	-	  162.27	   85.00	   69.55	
660	-	  115.91	   63.75	   92.73	
661	-	    0.00	  127.50	  208.64	
662	-	    0.00	   85.00	  185.45	
663	-	  185.45	    0.00	  208.64	
664	-	    0.00	   63.75	  115.91	
665	-	  255.00	  212.50	  115.91	
666	-	    0.00	   42.50	  231.82	
667	-	   46.36	  127.50	   69.55	
668	-	   23.18	   85.00	   69.55	
669	-	  147.12	  147.12	  179.81	
670	-	    0.00	   21.25	    0.00	
671	-	    0.00	  106.25	    0.00	
672	-	  115.91	    0.00	  231.82	
673	-	   35.31	   43.15	   35.31	
674	-	  244.54	  200.08	  200.08	
675	-	  139.09	    0.00	  255.00	
676	-	  139.09	   42.50	   23.18	
677	-	  185.45	  212.50	   92.73	
678	-	  231.82	   85.00	   46.36	
679	-	  139.09	  170.00	  208.64	
680	-	  115.91	  106.25	    0.00	
681	-	  231.82	   42.50	  139.09	
682	-	  185.45	   21.25	   92.73	
683	-	   23.18	  127.50	   69.55	
684	-	   92.73	   21.25	   46.36	
685	-	  208.58	  170.65	  170.65	
686	-	   92.73	  212.50	   46.36	
687	-	   46.36	   21.25	    0.00	
688	-	  162.27	  170.00	  115.91	
689	-	  255.00	   85.00	  115.91	
690	-	  139.09	  127.50	   92.73	
691	-	  115.91	    0.00	  139.09	
692	-	  255.00	   85.00	    0.00	
693	-	   69.55	  191.25	   46.36	
694	-	  208.64	  170.00	   69.55	
695	-	   23.18	  191.25	   69.55	
696	-	   92.73	  212.50	  231.82	
697	-	   69.55	  212.50	   92.73	
698	-	   69.55	  127.50	   92.73	
699	-	   69.55	    0.00	    0.00	
700	-	  255.00	  233.75	  139.09	
701	-	   92.73	  106.25	  139.09	
702	-	  255.00	  148.75	  208.64	
703	-	  185.45	  233.75	  139.09	
704	-	  185.45	  148.75	   46.36	
705	-	   23.18	  106.25	  115.91	
706	-	   46.36	    0.00	    0.00	
707	-	   46.36	  127.50	  231.82	
708	-	   69.55	  233.75	   69.55	
709	-	  185.45	  127.50	  115.91	
710	-	   69.55	   42.50	  162.27	
711	-	    0.00	  191.25	  115.91	
712	-	  208.64	   42.50	  185.45	
713	-	    0.00	  255.00	   69.55	
714	-	  115.91	  212.50	  231.82	
715	-	    0.00	   85.00	   46.36	
716	-	    0.00	  191.25	   46.36	
717	-	   69.55	   21.25	   46.36	
718	-	  162.27	  212.50	  255.00	
719	-	   92.73	  233.75	   92.73	
720	-	  185.45	  191.25	   46.36	
721	-	  139.09	    0.00	    0.00	
722	-	   92.73	  255.00	    0.00	
723	-	   92.73	   85.00	  208.64	
724	-	    0.00	  106.25	   92.73	
725	-	  208.64	  212.50	  185.45	
726	-	   23.18	    0.00	  255.00	
727	-	  255.00	   85.00	  208.64	
728	-	  139.09	    0.00	  139.09	
729	-	  208.64	  148.75	   92.73	
730	-	    0.00	  148.75	   46.36	
731	-	   69.55	  212.50	  139.09	
732	-	  208.64	   42.50	   23.18	
733	-	  162.27	  106.25	  208.64	
734	-	  139.09	   42.50	  185.45	
735	-	   46.36	  127.50	  115.91	
736	-	   23.18	  127.50	    0.00	
737	-	   92.73	   42.50	   46.36	
738	-	   46.36	  127.50	   23.18	
739	-	  255.00	   21.25	  139.09	
740	-	    0.00	  106.25	  255.00	
741	-	  162.27	  106.25	  162.27	
742	-	   23.18	  255.00	  208.64	
743	-	  194.19	  158.88	  158.88	
744	-	  255.00	   21.25	    0.00	
745	-	  255.00	  170.00	  231.82	
746	-	   93.50	   76.50	   76.50	
747	-	  217.73	  217.73	  255.00	
748	-	  208.64	  106.25	   46.36	
749	-	   35.31	   35.31	   43.15	
750	-	  139.09	   21.25	   69.55	
751	-	   23.54	   23.54	   28.77	
752	-	  115.91	  127.50	   92.73	
753	-	   23.18	  233.75	  185.45	
754	-	  208.64	   21.25	  208.64	
755	-	  231.82	  233.75	  208.64	
756	-	    0.00	   42.50	   46.36	
757	-	   23.18	  255.00	  115.91	
758	-	  139.09	  233.75	  255.00	
759	-	  162.27	    0.00	   23.18	
760	-	  115.91	  148.75	  162.27	
761	-	   23.18	   85.00	  231.82	
762	-	   46.36	   42.50	  208.64	
763	-	  115.91	   63.75	  115.91	
764	-	  185.45	   21.25	   23.18	
765	-	  170.00	  170.00	  170.00	
766	-	  162.27	   42.50	    0.00	
767	-	  208.64	  233.75	   23.18	
768	-	  162.27	   42.50	  162.27	
769	-	  139.09	  106.25	  208.64	
770	-	    0.00	  106.25	  185.45	
771	-	  231.82	   21.25	   92.73	
772	-	  208.64	  212.50	  139.09	
773	-	  115.91	  148.75	  231.82	
774	-	   92.73	   42.50	  208.64	
775	-	   46.36	  148.75	   69.55	
776	-	  208.64	  191.25	  115.91	
777	-	  255.00	  127.50	   92.73	
778	-	   92.73	  127.50	  115.91	
779	-	  162.27	   85.00	  139.09	
780	-	   23.18	   42.50	  208.64	
781	-	  208.64	  191.25	   92.73	
782	-	   69.55	   85.00	  208.64	
783	-	  185.45	   21.25	  162.27	
784	-	  139.09	  170.00	  255.00	
785	-	  255.00	   85.00	   69.55	
786	-	  208.64	   63.75	    0.00	
787	-	  194.19	  194.19	  237.35	
788	-	   92.73	   42.50	  139.09	
789	-	  218.57	  218.57	  218.57	
790	-	  208.64	  170.00	   23.18	
791	-	  185.45	   63.75	    0.00	
792	-	   71.92	   58.85	   58.85	
793	-	   23.18	   42.50	   69.55	
794	-	  162.27	  191.25	  231.82	
795	-	   46.36	  191.25	  162.27	
796	-	   46.36	  106.25	  115.91	
797	-	  139.09	  191.25	  185.45	
798	-	  115.91	  106.25	  139.09	
799	-	  231.82	   85.00	    0.00	
800	-	   46.36	  106.25	  185.45	
801	-	  187.00	  153.00	  153.00	
802	-	   69.55	  191.25	  185.45	
803	-	  208.64	   21.25	  255.00	
804	-	   92.73	  255.00	   23.18	
805	-	  231.82	  255.00	  208.64	
806	-	  231.82	  233.75	   23.18	
807	-	  162.27	  106.25	  231.82	
808	-	    0.00	  255.00	   92.73	
809	-	  115.91	   63.75	   69.55	
810	-	   23.18	  255.00	   69.55	
811	-	  208.64	  255.00	  185.45	
812	-	  115.91	  127.50	    0.00	
813	-	   46.36	   85.00	   23.18	
814	-	   69.55	    0.00	  231.82	
815	-	   69.55	   85.00	   46.36	
816	-	  139.09	  106.25	   23.18	
817	-	  115.91	  233.75	   69.55	
818	-	  115.91	  255.00	  139.09	
819	-	  231.82	   63.75	  231.82	
820	-	   21.58	   17.65	   17.65	
821	-	  208.64	   85.00	   92.73	
822	-	  208.64	  106.25	  115.91	
823	-	   46.36	   21.25	   69.55	
824	-	  141.23	  141.23	  172.62	
825	-	  139.09	   63.75	  115.91	
826	-	   46.36	  148.75	    0.00	
827	-	   46.36	  233.75	  231.82	
828	-	  185.45	  233.75	  255.00	
829	-	   46.36	  148.75	  162.27	
830	-	   46.36	   85.00	   69.55	
831	-	  255.00	  191.25	   69.55	
832	-	  208.64	   63.75	  255.00	
833	-	    0.00	  148.75	  185.45	
834	-	   92.73	  255.00	  208.64	
835	-	  162.27	  233.75	   23.18	
836	-	   23.18	  233.75	  162.27	
837	-	   46.36	  127.50	   46.36	
838	-	   69.55	  106.25	   46.36	
839	-	   23.18	  148.75	  208.64	
840	-	  185.45	   42.50	  115.91	
841	-	    0.00	  148.75	  139.09	
842	-	  139.09	  212.50	   69.55	
843	-	  255.00	  212.50	  185.45	
844	-	  139.09	  212.50	  231.82	
845	-	    0.00	    0.00	   92.73	
846	-	  208.64	   85.00	  115.91	
847	-	   69.55	  212.50	   69.55	
848	-	   69.55	   42.50	  115.91	
849	-	  139.09	  106.25	  255.00	
850	-	  162.27	  127.50	   69.55	
851	-	  185.45	   63.75	   23.18	
852	-	  208.64	   21.25	   46.36	
853	-	    0.00	  170.00	   92.73	
854	-	  255.00	  106.25	  208.64	
855	-	  231.82	  106.25	  231.82	
856	-	   23.18	  233.75	  139.09	
857	-	  208.64	  191.25	   46.36	
858	-	  117.69	  143.85	  117.69	
859	-	   23.18	   63.75	  115.91	
860	-	   23.18	  106.25	   92.73	
861	-	  248.93	  248.93	  248.93	
862	-	   23.18	  233.75	  255.00	
863	-	  115.91	  127.50	  162.27	
864	-	  162.27	  191.25	  162.27	
865	-	  231.82	  212.50	  231.82	
866	-	  115.91	  170.00	  208.64	
867	-	  185.45	  127.50	  185.45	
868	-	  100.04	  122.27	  100.04	
869	-	    0.00	   21.25	  231.82	
870	-	   69.55	  255.00	  208.64	
871	-	  139.09	   63.75	  255.00	
872	-	  162.27	  127.50	  162.27	
873	-	   23.18	    0.00	    0.00	
874	-	  185.45	   63.75	  139.09	
875	-	  115.91	  170.00	    0.00	
876	-	  115.91	  191.25	   46.36	
877	-	   69.55	  212.50	  185.45	
878	-	  162.27	  212.50	  139.09	
879	-	  208.64	  127.50	  115.91	
880	-	  162.27	    0.00	  162.27	
881	-	   92.73	   63.75	  231.82	
882	-	   69.55	  212.50	  255.00	
883	-	  208.64	    0.00	   46.36	
884	-	  139.09	  255.00	  115.91	
885	-	  115.91	   21.25	  115.91	
886	-	   46.36	  170.00	   92.73	
887	-	   23.18	  170.00	  115.91	
888	-	  162.27	   42.50	  139.09	
889	-	  139.09	  191.25	   46.36	
890	-	   46.36	    0.00	   69.55	
891	-	   46.36	  212.50	  115.91	
892	-	   69.55	  170.00	  139.09	
893	-	  231.82	  148.75	  139.09	
894	-	   69.55	    0.00	   46.36	
895	-	  255.00	  212.50	   92.73	
896	-	  255.00	   42.50	  255.00	
897	-	  231.82	  170.00	   23.18	
898	-	   23.18	  170.00	  185.45	
899	-	   69.55	  255.00	  162.27	
900	-	  115.91	  233.75	  139.09	
901	-	  162.27	   63.75	  139.09	
902	-	   92.73	   21.25	   23.18	
903	-	  115.91	   63.75	   23.18	
904	-	   46.36	   63.75	   23.18	
905	-	   92.73	   63.75	    0.00	
906	-	    0.00	  170.00	  139.09	
907	-	  185.45	   21.25	    0.00	
908	-	  115.91	  212.50	  139.09	
909	-	  115.91	    0.00	  208.64	
910	-	  185.45	  191.25	  255.00	
911	-	  185.45	    0.00	   69.55	
912	-	  185.45	  212.50	  162.27	
913	-	  115.91	   63.75	  139.09	
914	-	  115.91	  212.50	   92.73	
915	-	  231.82	   85.00	  208.64	
916	-	  133.57	  133.57	  133.57	
917	-	   23.18	   63.75	  231.82	
918	-	  255.00	  170.00	   69.55	
919	-	  208.64	  148.75	   23.18	
920	-	  185.45	  233.75	  231.82	
921	-	  162.27	   21.25	  162.27	
922	-	  208.64	  127.50	  139.09	
923	-	   46.36	  255.00	   23.18	
924	-	   23.18	   42.50	  115.91	
925	-	  231.82	  170.00	   69.55	
926	-	   46.36	  233.75	    0.00	
927	-	  255.00	   21.25	  208.64	
928	-	  208.64	  106.25	  231.82	
929	-	  208.64	   21.25	  139.09	
930	-	  231.82	  148.75	  208.64	
931	-	   85.00	   85.00	   85.00	
932	-	  162.27	  148.75	  162.27	
933	-	  208.64	    0.00	  185.45	
934	-	   92.73	    0.00	    0.00	
935	-	  255.00	    0.00	   69.55	
936	-	  255.00	   85.00	   23.18	
937	-	   92.73	  148.75	  208.64	
938	-	  115.91	   42.50	   46.36	
939	-	  255.00	   21.25	   92.73	
940	-	    0.00	   42.50	    0.00	
941	-	  208.64	  255.00	    0.00	
942	-	   46.36	   63.75	  255.00	
943	-	  139.09	  170.00	    0.00	
944	-	    0.00	  148.75	  115.91	
945	-	   46.36	  255.00	  139.09	
946	-	   46.36	  191.25	  255.00	
947	-	  185.45	  212.50	  185.45	
948	-	  162.27	  170.00	  162.27	
949	-	  139.09	    0.00	  115.91	
950	-	    0.00	  148.75	  255.00	
951	-	    0.00	   85.00	   92.73	
952	-	   69.55	  191.25	   69.55	
953	-	  139.09	  255.00	  139.09	
954	-	  164.77	  164.77	  201.38	
955	-	   46.36	   42.50	   69.55	
956	-	  115.91	  170.00	  139.09	
957	-	  255.00	   63.75	  115.91	
958	-	   23.18	   85.00	  255.00	
959	-	   46.36	  255.00	  162.27	
960	-	  115.91	  212.50	    0.00	
961	-	  185.45	  106.25	   23.18	
962	-	   92.73	  212.50	  162.27	
963	-	   46.36	  106.25	  231.82	
964	-	  182.42	  182.42	  222.96	
965	-	  158.88	  158.88	  194.19	
966	-	    0.00	   85.00	  139.09	
967	-	  115.91	  148.75	  255.00	
968	-	  185.45	  191.25	  162.27	
969	-	  115.91	  212.50	   23.18	
970	-	  162.27	   85.00	   92.73	
971	-	  200.08	  244.54	  200.08	
972	-	  185.45	  191.25	  208.64	
973	-	  231.82	  127.50	  115.91	
974	-	  139.09	   42.50	   46.36	
975	-	  139.09	  191.25	  139.09	
976	-	    0.00	  127.50	  115.91	
977	-	   46.36	  106.25	  139.09	
978	-	  115.91	  191.25	  115.91	
979	-	  139.09	  212.50	   46.36	
980	-	  139.09	    0.00	   92.73	
981	-	  231.82	  148.75	   46.36	
982	-	  208.64	  233.75	   92.73	
983	-	    6.07	    6.07	    6.07	
984	-	   92.73	  255.00	  139.09	
985	-	  231.82	   21.25	   23.18	
986	-	   46.36	  233.75	  185.45	
987	-	  115.91	   21.25	  162.27	
988	-	   92.73	  170.00	  208.64	
989	-	  185.45	   85.00	   69.55	
990	-	    0.00	   42.50	  139.09	
991	-	  208.64	  255.00	  115.91	
992	-	   69.55	   42.50	  208.64	
993	-	  115.91	   85.00	   46.36	
994	-	   69.55	  127.50	  185.45	
995	-	   23.18	  148.75	  231.82	
996	-	   46.36	   63.75	  231.82	
997	-	  162.27	  191.25	    0.00	
998	-	    0.00	  233.75	  208.64	
999	-	   69.55	   63.75	   23.18	
1000	-	   46.36	   21.25	  208.64	
1001	-	   97.14	   97.14	   97.14	
1002	-	  208.64	    0.00	  208.64	
1003	-	  185.45	   42.50	   46.36	
1004	-	   23.18	  191.25	  162.27	
1005	-	  115.91	   21.25	   23.18	
1006	-	   69.55	  255.00	    0.00	
1007	-	  109.29	  109.29	  109.29	
1008	-	  208.64	  255.00	   92.73	
1009	-	  208.64	  170.00	  255.00	
1010	-	  185.45	  170.00	  185.45	
1011	-	  115.91	  212.50	  255.00	
1012	-	  255.00	  127.50	  255.00	
1013	-	  231.82	   85.00	   23.18	
1014	-	  255.00	  255.00	  255.00	
1015	-	  139.09	  170.00	  139.09	
1016	-	   46.36	   42.50	  115.91	
1017	-	   46.36	  212.50	   23.18	
1018	-	   23.18	  106.25	  185.45	
1019	-	  231.82	  255.00	  255.00	
1020	-	  185.45	    0.00	  185.45	
1021	-	   92.73	  127.50	  162.27	
1022	-	   58.85	   71.92	   58.85	
1023	-	   23.18	   63.75	  255.00	
1024	-	  139.09	   21.25	   46.36	
1025	-	   92.73	   85.00	  231.82	
1026	-	   46.36	   21.25	   23.18	
1027	-	  211.85	  255.00	  211.85	
1028	-	  115.91	  191.25	  231.82	
1029	-	   69.55	  170.00	  185.45	
1030	-	  139.09	  170.00	   46.36	
1031	-	  139.09	  255.00	   23.18	
1032	-	  230.71	  230.71	  230.71	
1033	-	  231.82	    0.00	  208.64	
1034	-	   60.71	   60.71	   60.71	
1035	-	  139.09	   42.50	  115.91	
1036	-	  231.82	   63.75	   92.73	
1037	-	  185.45	  127.50	  231.82	
1038	-	  185.45	   21.25	  139.09	
1039	-	  139.09	   63.75	   23.18	
1040	-	  185.45	   42.50	   92.73	
1041	-	  231.82	  212.50	  185.45	
1042	-	   69.55	    0.00	   92.73	
1043	-	  231.82	  170.00	  231.82	
1044	-	   92.73	  106.25	  162.27	
1045	-	   17.65	   21.58	   17.65	
1046	-	  185.45	  233.75	    0.00	
1047	-	   92.73	   85.00	   46.36	
1048	-	   70.62	   86.31	   70.62	
1049	-	  208.64	   42.50	  231.82	
1050	-	  115.91	   85.00	  162.27	
1051	-	  162.27	   63.75	   92.73	
1052	-	  139.09	    0.00	  208.64	
1053	-	  255.00	  127.50	  115.91	
1054	-	  231.82	  127.50	   46.36	
1055	-	  185.45	   85.00	   92.73	
1056	-	  115.91	   85.00	   23.18	
1057	-	    0.00	  212.50	   46.36	
1058	-	   58.85	   58.85	   71.92	
1059	-	   94.15	   94.15	  115.08	
1060	-	    0.00	  191.25	  208.64	
1061	-	   92.73	   63.75	   46.36	
1062	-	  162.27	  212.50	  185.45	
1063	-	   46.36	    0.00	   92.73	
1064	-	  255.00	   63.75	   23.18	
1065	-	  255.00	  191.25	  115.91	
1066	-	  135.35	  165.42	  135.35	
1067	-	  231.82	   42.50	   69.55	
1068	-	  231.82	  233.75	    0.00	
1069	-	  208.64	  106.25	  255.00	
1070	-	  162.27	  170.00	  255.00	
1071	-	    0.00	   21.25	   46.36	
1072	-	   46.36	  233.75	  115.91	
1073	-	   92.73	  127.50	    0.00	
1074	-	  185.45	    0.00	   23.18	
1075	-	  170.65	  208.58	  170.65	
1076	-	  185.45	   21.25	  231.82	
1077	-	   47.08	   57.54	   47.08	
1078	-	    0.00	  170.00	   46.36	
1079	-	  231.82	   42.50	   23.18	
1080	-	   69.55	  106.25	  231.82	
1081	-	   23.18	  148.75	    0.00	
1082	-	  255.00	  106.25	  231.82	
1083	-	    0.00	    0.00	   92.73	
1084	-	  208.64	  148.75	  255.00	
1085	-	    0.00	  127.50	   69.55	
1086	-	   69.55	   42.50	  185.45	
1087	-	  231.82	  106.25	  185.45	
1088	-	   69.55	  170.00	  255.00	
1089	-	  115.91	  148.75	   69.55	
1090	-	   69.55	  191.25	  255.00	
1091	-	  208.64	   63.75	   23.18	
1092	-	  139.09	  233.75	  231.82	
1093	-	  139.09	  127.50	   23.18	
1094	-	   92.73	   21.25	  231.82	
1095	-	   69.55	   21.25	  115.91	
1096	-	   23.18	  212.50	   92.73	
1097	-	   12.14	   12.14	   12.14	
1098	-	   23.18	  170.00	  139.09	
1099	-	  231.82	  106.25	   92.73	
1100	-	   23.18	   63.75	   92.73	
1101	-	  115.91	   85.00	    0.00	
1102	-	  255.00	  233.75	  115.91	
1103	-	  255.00	  233.75	  162.27	
1104	-	   46.36	  106.25	   92.73	
1105	-	  255.00	   63.75	   92.73	
1106	-	    0.00	   85.00	  162.27	
1107	-	  115.91	    0.00	  115.91	
1108	-	  255.00	  255.00	   46.36	
1109	-	  185.45	  127.50	   46.36	
1110	-	   92.73	   21.25	  208.64	
1111	-	  255.00	    0.00	    0.00	
1112	-	  139.09	   63.75	  231.82	
1113	-	  255.00	  212.50	  208.64	
1114	-	  139.09	    0.00	  185.45	
1115	-	   35.96	   29.42	   29.42	
1116	-	  185.45	  106.25	  162.27	
1117	-	  185.45	  106.25	  231.82	
1118	-	  185.45	  212.50	    0.00	
1119	-	    0.00	  191.25	   23.18	
1120	-	  231.82	  106.25	   23.18	
1121	-	   23.18	  106.25	  162.27	
1122	-	  208.64	    0.00	   92.73	
1123	-	  123.58	  123.58	  151.04	
1124	-	  162.27	  170.00	  139.09	
1125	-	   69.55	    0.00	  162.27	
1126	-	  231.82	    0.00	   92.73	
1127	-	    0.00	   63.75	  162.27	
1128	-	   46.36	  255.00	  255.00	
1129	-	   23.18	   42.50	  162.27	
1130	-	  162.27	  148.75	    0.00	
1131	-	   92.73	  212.50	   92.73	
1132	-	   46.36	  255.00	   92.73	
1133	-	   46.36	   42.50	    0.00	
1134	-	   69.55	  148.75	   46.36	
1135	-	  162.27	   21.25	  231.82	
1136	-	   69.55	   21.25	  208.64	
1137	-	  162.27	   85.00	  162.27	
1138	-	  255.00	  233.75	  208.64	
1139	-	  255.00	   21.25	   46.36	
1140	-	   92.73	  106.25	   92.73	
1141	-	  231.82	    0.00	   46.36	
1142	-	   23.18	  212.50	   46.36	
1143	-	  139.09	  255.00	  255.00	
1144	-	  185.45	  127.50	   69.55	
1145	-	  162.27	   42.50	   92.73	
1146	-	   69.55	  233.75	   92.73	
1147	-	  255.00	  217.73	  217.73	
1148	-	  231.82	  191.25	  162.27	
1149	-	  115.91	    0.00	  185.45	
1150	-	   23.18	  148.75	  139.09	
1151	-	  115.91	   42.50	  255.00	
1152	-	   23.18	  106.25	   46.36	
1153	-	    0.00	  170.00	    0.00	
1154	-	  208.64	  127.50	   92.73	
1155	-	  208.64	  191.25	  139.09	
1156	-	  185.45	   85.00	    0.00	
1157	-	   92.73	  170.00	  139.09	
1158	-	   92.73	   42.50	  231.82	
1159	-	  115.91	  106.25	   46.36	
1160	-	   92.73	    0.00	   23.18	
1161	-	  162.27	   63.75	  208.64	
1162	-	    0.00	  233.75	  185.45	
1163	-	  208.64	   21.25	   92.73	
1164	-	  231.82	  212.50	   69.55	
1165	-	  162.27	  170.00	  185.45	
1166	-	   23.18	   42.50	   46.36	
1167	-	  231.82	   42.50	  208.64	
1168	-	  231.82	  127.50	  255.00	
1169	-	  105.92	  129.46	  105.92	
1170	-	   46.36	   21.25	   92.73	
1171	-	    0.00	  127.50	  255.00	
1172	-	  231.82	  106.25	    0.00	
1173	-	   46.36	  212.50	  231.82	
1174	-	   46.36	  148.75	   46.36	
1175	-	   69.55	  191.25	  139.09	
1176	-	  231.82	  233.75	  115.91	
1177	-	   76.50	   93.50	   76.50	
1178	-	  139.09	   21.25	  208.64	
1179	-	   69.55	  127.50	    0.00	
1180	-	  162.27	  191.25	   92.73	
1181	-	  255.00	  148.75	    0.00	
1182	-	  231.82	   63.75	   69.55	
1183	-	   92.73	  127.50	  231.82	
1184	-	  231.82	   63.75	   46.36	
1185	-	   46.36	  191.25	   69.55	
1186	-	  231.82	   63.75	    0.00	
1187	-	  185.45	  106.25	  208.64	
1188	-	  162.27	  106.25	  185.45	
1189	-	   69.55	  148.75	    0.00	
1190	-	   92.73	  127.50	  139.09	
1191	-	    0.00	  148.75	  162.27	
1192	-	  115.91	  148.75	  208.64	
1193	-	   92.73	  212.50	  255.00	
1194	-	   23.18	  233.75	   46.36	
1195	-	  255.00	  223.62	  223.62	
1196	-	    0.00	   85.00	   69.55	
1197	-	  185.45	   42.50	   69.55	
1198	-	  231.82	  255.00	  231.82	
1199	-	   29.42	   29.42	   35.96	
1200	-	  115.91	   63.75	  208.64	
1201	-	   46.36	  170.00	  139.09	
1202	-	  231.82	  255.00	   46.36	
1203	-	  115.91	  127.50	   46.36	
1204	-	  115.91	  170.00	  185.45	
1205	-	   23.18	    0.00	  231.82	
1206	-	  185.45	   63.75	   46.36	
1207	-	   69.55	  148.75	   92.73	
1208	-	  255.00	  191.25	  139.09	
1209	-	  139.09	   42.50	  255.00	
1210	-	   23.18	  233.75	  231.82	
1211	-	  208.64	  212.50	  255.00	
1212	-	  208.64	   63.75	  208.64	
1213	-	  231.82	  127.50	   69.55	
1214	-	  255.00	  233.75	   92.73	
1215	-	  255.00	  170.00	   23.18	
1216	-	  208.64	  233.75	  139.09	
1217	-	  255.00	  212.50	  255.00	
1218	-	  212.50	  212.50	  212.50	
1219	-	  162.27	   85.00	  185.45	
1220	-	  151.04	  123.58	  123.58	
1221	-	  115.91	   85.00	  139.09	
1222	-	  208.64	  170.00	  139.09	
1223	-	    0.00	   42.50	   92.73	
1224	-	   92.73	   21.25	   69.55	
1225	-	  139.09	  148.75	  185.45	
1226	-	   46.36	   63.75	  208.64	
1227	-	  162.27	  212.50	   92.73	
1228	-	  162.27	   21.25	  208.64	
1229	-	  162.27	  148.75	  255.00	
1230	-	  208.64	  127.50	  162.27	
1231	-	   92.73	   21.25	   92.73	
1232	-	  255.00	   63.75	  185.45	
1233	-	  208.64	  233.75	  115.91	
1234	-	  139.09	  233.75	  208.64	
1235	-	  185.45	   42.50	  185.45	
1236	-	   11.77	   14.38	   11.77	
1237	-	  208.64	   63.75	  231.82	
1238	-	   92.73	   42.50	  185.45	
1239	-	  185.45	   85.00	   23.18	
1240	-	   36.43	   36.43	   36.43	
1241	-	  208.64	  212.50	  231.82	
1242	-	  185.45	  212.50	  208.64	
1243	-	   46.36	  233.75	  255.00	
1244	-	  115.91	    0.00	   69.55	
1245	-	  255.00	  255.00	  162.27	
1246	-	  185.45	  170.00	   69.55	
1247	-	  139.09	    0.00	   46.36	
1248	-	  222.96	  182.42	  182.42	
1249	-	  139.09	   85.00	  231.82	
1250	-	  139.09	   21.25	  185.45	
1251	-	  139.09	   63.75	  139.09	
1252	-	   92.73	  233.75	  185.45	
1253	-	   46.36	    0.00	  162.27	
1254	-	  208.64	  127.50	   69.55	
1255	-	  115.91	  255.00	  162.27	
1256	-	  185.45	   63.75	  162.27	
1257	-	  139.09	  106.25	   69.55	
1258	-	  185.45	   63.75	  185.45	
1259	-	   69.55	  191.25	   92.73	
1260	-	  185.45	   42.50	  208.64	
1261	-	  185.45	  233.75	   69.55	
1262	-	  115.91	   42.50	  162.27	
1263	-	  231.82	  127.50	  185.45	
1264	-	  208.64	    0.00	  231.82	
1265	-	  115.91	   21.25	    0.00	
1266	-	  111.81	  111.81	  136.65	
1267	-	   78.93	   78.93	   78.93	
1268	-	  185.45	   42.50	  231.82	
1269	-	   92.73	  170.00	  255.00	
1270	-	  185.45	  255.00	  115.91	
1271	-	  176.54	  215.77	  176.54	
1272	-	  139.09	  255.00	  162.27	
1273	-	  185.45	  170.00	  255.00	
1274	-	  139.09	    0.00	   69.55	
1275	-	  185.45	  191.25	    0.00	
1276	-	  208.64	   42.50	  139.09	
1277	-	  208.64	  255.00	   23.18	
1278	-	  139.09	  127.50	  208.64	
1279	-	   23.18	  170.00	    0.00	
1280	-	  208.64	   85.00	  231.82	
1281	-	   69.55	  255.00	   23.18	
1282	-	    0.00	   63.75	   46.36	
1283	-	  115.91	  191.25	  162.27	
1284	-	  162.27	  233.75	    0.00	
1285	-	   46.36	  106.25	    0.00	
1286	-	  255.00	    0.00	  255.00	
1287	-	   92.73	  148.75	   46.36	
1288	-	  115.91	  170.00	   92.73	
1289	-	  185.45	  233.75	  115.91	
1290	-	  115.91	   21.25	  231.82	
1291	-	  208.64	  148.75	  185.45	
1292	-	  215.77	  176.54	  176.54	
1293	-	   23.18	  127.50	  139.09	
1294	-	  208.64	   63.75	   92.73	
1295	-	   92.73	  233.75	  139.09	
1296	-	   46.36	  255.00	   46.36	
1297	-	   92.73	  106.25	  208.64	
1298	-	   94.15	  115.08	   94.15	
1299	-	   92.73	   42.50	  115.91	
1300	-	   46.36	  191.25	    0.00	
1301	-	  162.27	  127.50	   46.36	
1302	-	   69.55	  127.50	  162.27	
1303	-	  162.27	   21.25	   46.36	
1304	-	   46.36	    0.00	  139.09	
1305	-	  115.91	  212.50	   69.55	
1306	-	   69.55	  106.25	   23.18	
1307	-	  208.64	  148.75	  231.82	
1308	-	  255.00	   21.25	  162.27	
1309	-	  231.82	   63.75	  115.91	
1310	-	    0.00	  191.25	  139.09	
1311	-	  179.81	  147.12	  147.12	
1312	-	   69.55	   42.50	  231.82	
1313	-	   92.73	   85.00	  255.00	
1314	-	  185.45	  255.00	  231.82	
1315	-	  231.82	    0.00	  185.45	
1316	-	    0.00	    0.00	  231.82	
1317	-	  139.09	  127.50	  231.82	
1318	-	   23.18	  255.00	  139.09	
1319	-	  231.82	   21.25	  139.09	
1320	-	  115.91	  170.00	  162.27	
1321	-	   92.73	    0.00	  185.45	
1322	-	   23.18	   85.00	   46.36	
1323	-	  162.27	    0.00	    0.00	
1324	-	  162.27	  191.25	   23.18	
1325	-	   92.73	  148.75	   23.18	
1326	-	   92.73	  233.75	   69.55	
1327	-	  185.45	  170.00	    0.00	
1328	-	  139.09	   85.00	  185.45	
1329	-	   92.73	   85.00	   23.18	
1330	-	  162.27	  170.00	   46.36	
1331	-	   92.73	  255.00	  162.27	
1332	-	  208.64	  255.00	  139.09	
1333	-	  185.45	  127.50	    0.00	
1334	-	  162.27	  148.75	  231.82	
1335	-	  231.82	  191.25	  185.45	
1336	-	   52.96	   52.96	   64.73	
1337	-	  255.00	  148.75	  255.00	
1338	-	    0.00	  191.25	    0.00	
1339	-	   46.36	  212.50	   46.36	
1340	-	  115.91	  255.00	  185.45	
1341	-	  255.00	  170.00	   92.73	
1342	-	   23.18	   63.75	  139.09	
1343	-	   23.18	    0.00	   46.36	
1344	-	  153.00	  187.00	  153.00	
1345	-	  162.27	  233.75	  231.82	
1346	-	   69.55	   21.25	  255.00	
1347	-	  185.45	  127.50	   23.18	
1348	-	   91.07	   91.07	   91.07	
1349	-	  208.64	  212.50	   69.55	
1350	-	  255.00	  255.00	  185.45	
1351	-	  231.82	   21.25	  255.00	
1352	-	  231.82	  233.75	  139.09	
1353	-	  139.09	  191.25	  162.27	
1354	-	  255.00	    0.00	  115.91	
1355	-	  111.81	  136.65	  111.81	
1356	-	  208.64	  127.50	   46.36	
1357	-	   46.36	   63.75	  185.45	
1358	-	  139.09	   85.00	   92.73	
1359	-	   46.36	  170.00	   69.55	
1360	-	   46.36	  106.25	  208.64	
1361	-	  208.64	  106.25	  208.64	
1362	-	  255.00	  233.75	    0.00	
1363	-	  255.00	  127.50	   23.18	
1364	-	  255.00	  255.00	  115.91	
1365	-	  139.09	  233.75	   46.36	
1366	-	   92.73	  170.00	  231.82	
1367	-	  165.42	  135.35	  135.35	
1368	-	    0.00	  148.75	  208.64	
1369	-	  255.00	   42.50	  208.64	
1370	-	    0.00	  148.75	   92.73	
1371	-	  115.91	  148.75	   46.36	
1372	-	   23.18	  233.75	  208.64	
1373	-	  115.91	  191.25	   69.55	
1374	-	  208.64	   85.00	   69.55	
1375	-	  255.00	  255.00	  208.64	
1376	-	   46.36	  212.50	  185.45	
1377	-	  147.12	  179.81	  147.12	
1378	-	   23.18	   42.50	  185.45	
1379	-	   69.55	  106.25	   92.73	
1380	-	  115.91	    0.00	   92.73	
1381	-	    0.00	  170.00	  208.64	
1382	-	  208.64	   42.50	  255.00	
1383	-	  208.64	   42.50	    0.00	
1384	-	  162.27	   21.25	   23.18	
1385	-	  136.65	  111.81	  111.81	
1386	-	  185.45	  148.75	    0.00	
1387	-	  255.00	  170.00	  255.00	
1388	-	   92.73	   85.00	    0.00	
1389	-	    0.00	    0.00	   46.36	
1390	-	   23.18	   21.25	  115.91	
1391	-	  162.27	  255.00	   23.18	
1392	-	   69.55	   85.00	    0.00	
1393	-	  139.09	   85.00	  115.91	
1394	-	  115.91	  212.50	  162.27	
1395	-	  153.00	  153.00	  187.00	
1396	-	  185.45	  255.00	  208.64	
1397	-	  139.09	  212.50	  115.91	
1398	-	  231.82	  255.00	   69.55	
1399	-	  255.00	    0.00	  208.64	
1400	-	  255.00	  212.50	   23.18	
1401	-	  162.27	  212.50	  208.64	
1402	-	  255.00	  106.25	   23.18	
1403	-	   46.36	  191.25	  139.09	
1404	-	  185.45	  148.75	  139.09	
1405	-	  139.09	   42.50	  162.27	
1406	-	  115.91	  106.25	   69.55	
1407	-	  185.45	    0.00	  139.09	
1408	-	   69.55	  233.75	   23.18	
1409	-	   69.55	    0.00	  255.00	
1410	-	  162.27	   85.00	  115.91	
1411	-	  115.91	  106.25	  231.82	
1412	-	   69.55	   42.50	  255.00	
1413	-	   46.36	    0.00	  115.91	
1414	-	    0.00	  233.75	   92.73	
1415	-	  115.91	  148.75	  185.45	
1416	-	   23.18	  148.75	  185.45	
1417	-	  115.91	    0.00	  255.00	
1418	-	  255.00	  233.75	  255.00	
1419	-	   69.55	  127.50	   69.55	
1420	-	  231.82	    0.00	  231.82	
1421	-	  208.64	    0.00	  162.27	
1422	-	  255.00	   63.75	  162.27	
1423	-	  255.00	   42.50	   46.36	
1424	-	  255.00	  191.25	  162.27	
1425	-	  208.64	  170.00	  115.91	
1426	-	  162.27	  255.00	  139.09	
1427	-	  115.91	  191.25	  255.00	
1428	-	  231.82	   85.00	   69.55	
1429	-	   46.36	   85.00	  231.82	
1430	-	  255.00	  212.50	  162.27	
1431	-	  162.27	    0.00	  115.91	
1432	-	  139.09	   85.00	   69.55	
1433	-	  162.27	   21.25	  185.45	
1434	-	  115.91	   85.00	  115.91	
1435	-	  135.35	  135.35	  165.42	
1436	-	  139.09	  191.25	   23.18	
1437	-	  255.00	   63.75	  255.00	
1438	-	   46.36	   42.50	   46.36	
1439	-	  185.45	   85.00	  255.00	
1440	-	   29.42	   35.96	   29.42	
1441	-	  162.27	  233.75	   46.36	
1442	-	  185.45	  170.00	  208.64	
1443	-	   92.73	   63.75	  115.91	
1444	-	   46.36	    0.00	   46.36	
1445	-	   46.36	  170.00	   23.18	
1446	-	   66.79	   66.79	   66.79	
1447	-	  185.45	   21.25	  185.45	
1448	-	   92.73	  148.75	    0.00	
1449	-	   46.36	  212.50	  162.27	
1450	-	  139.09	   63.75	  208.64	
1451	-	  115.91	  255.00	   46.36	
1452	-	  129.46	  129.46	  158.23	
1453	-	  139.09	  106.25	  231.82	
1454	-	   92.73	  191.25	  185.45	
1455	-	  162.27	  106.25	   92.73	
1456	-	   17.65	   17.65	   21.58	
1457	-	   92.73	  255.00	   92.73	
1458	-	   92.73	  127.50	  208.64	
1459	-	  115.91	  127.50	   23.18	
1460	-	   50.35	   41.19	   41.19	
1461	-	   69.55	  170.00	   92.73	
1462	-	  162.27	   63.75	   46.36	
1463	-	   92.73	  212.50	    0.00	
1464	-	  255.00	   63.75	  139.09	
1465	-	  139.09	  127.50	    0.00	
1466	-	   69.55	  170.00	  231.82	
1467	-	  139.09	   85.00	    0.00	
1468	-	   69.55	   85.00	  255.00	
1469	-	   92.73	  212.50	   23.18	
1470	-	  208.64	  212.50	  162.27	
1471	-	  231.82	    0.00	  115.91	
1472	-	  231.82	  255.00	   92.73	
1473	-	   23.18	   42.50	  139.09	
1474	-	   46.36	   63.75	   46.36	
1475	-	  115.91	  106.25	  255.00	
1476	-	    0.00	  170.00	    0.00	
1477	-	   23.18	  106.25	    0.00	
1478	-	  115.91	   42.50	  208.64	
1479	-	   23.18	  233.75	   69.55	
1480	-	  208.64	   63.75	  185.45	
1481	-	  139.09	  106.25	  139.09	
1482	-	  208.64	  191.25	  255.00	
1483	-	    0.00	   63.75	   92.73	
1484	-	  185.45	  233.75	   46.36	
1485	-	   23.18	  212.50	  208.64	
1486	-	  139.09	  106.25	  115.91	
1487	-	  255.00	  127.50	  139.09	
1488	-	  208.64	  148.75	  139.09	
1489	-	  231.82	  106.25	  162.27	
1490	-	   92.73	   42.50	   92.73	
1491	-	   92.73	   63.75	  208.64	
1492	-	  115.91	  148.75	  115.91	
1493	-	   69.55	   42.50	   46.36	
1494	-	  139.09	   85.00	   23.18	
1495	-	  139.09	  170.00	   92.73	
1496	-	  139.09	  170.00	  231.82	
1497	-	   92.73	    0.00	    0.00	
1498	-	  208.64	   63.75	  139.09	
1499	-	  208.64	  148.75	    0.00	
1500	-	   14.38	   11.77	   11.77	
1501	-	  162.27	    0.00	  231.82	
1502	-	  231.82	  148.75	   23.18	
1503	-	  139.09	   63.75	   69.55	
1504	-	   92.73	  106.25	  115.91	
1505	-	   46.36	    0.00	  255.00	
1506	-	  231.82	   21.25	  231.82	
1507	-	   46.36	   42.50	   92.73	
1508	-	  162.27	  127.50	    0.00	
1509	-	  255.00	  106.25	   92.73	
1510	-	  139.09	   42.50	  139.09	
1511	-	  115.91	  170.00	  115.91	
1512	-	  115.91	   63.75	    0.00	
1513	-	  231.82	  233.75	  255.00	
1514	-	   92.73	  106.25	   23.18	
1515	-	  223.62	  255.00	  223.62	
1516	-	    0.00	  170.00	   23.18	
1517	-	   23.18	    0.00	   92.73	
1518	-	   23.18	  255.00	  231.82	
1519	-	   46.36	   85.00	  208.64	
1520	-	   92.73	   85.00	   69.55	
1521	-	  185.45	  148.75	  115.91	
1522	-	  185.45	  170.00	  139.09	
1523	-	  162.27	  127.50	  231.82	
1524	-	  162.27	  233.75	  208.64	
1525	-	    0.00	  191.25	  255.00	
1526	-	  139.09	  191.25	  208.64	
1527	-	  231.82	    0.00	  162.27	
1528	-	   23.18	   42.50	   92.73	
1529	-	  139.09	  255.00	  185.45	
1530	-	  208.64	   63.75	   46.36	
1531	-	   46.36	  233.75	   23.18	
1532	-	   23.18	   21.25	   69.55	
1533	-	  162.27	  148.75	  185.45	
1534	-	   23.18	   63.75	  208.64	
1535	-	  231.82	  212.50	   92.73	
1536	-	  208.64	   85.00	  208.64	
1537	-	  231.82	  212.50	  255.00	
1538	-	   46.36	   21.25	  115.91	
1539	-	  231.82	   21.25	    0.00	
1540	-	   92.73	   63.75	   69.55	
1541	-	  231.82	  233.75	   92.73	
1542	-	  162.27	  212.50	   69.55	
1543	-	   46.36	  233.75	  208.64	
1544	-	  185.45	   42.50	  255.00	
1545	-	   92.73	  233.75	  115.91	
1546	-	   46.36	   42.50	  162.27	
1547	-	   92.73	  233.75	   46.36	
1548	-	   69.55	   85.00	  115.91	
1549	-	   23.18	  148.75	  115.91	
1550	-	    0.00	  191.25	  162.27	
1551	-	   92.73	  106.25	    0.00	
1552	-	  208.64	  127.50	  185.45	
1553	-	  255.00	  212.50	    0.00	
1554	-	   46.36	   21.25	  139.09	
1555	-	   23.18	   85.00	    0.00	
1556	-	  208.64	  233.75	  185.45	
1557	-	  162.27	    0.00	    0.00	
1558	-	   46.36	   42.50	  185.45	
1559	-	   69.55	  170.00	   69.55	
1560	-	  162.27	   63.75	  255.00	
1561	-	    0.00	  255.00	   23.18	
1562	-	   46.36	  212.50	   69.55	
1563	-	    0.00	  255.00	  208.64	
1564	-	  139.09	   21.25	   92.73	
1565	-	   46.36	  106.25	  255.00	
1566	-	    0.00	   85.00	   23.18	
1567	-	   92.73	  233.75	   23.18	
1568	-	   46.36	  212.50	  208.64	
1569	-	  185.45	  191.25	  115.91	
1570	-	   69.55	  212.50	   46.36	
1571	-	    0.00	  233.75	  231.82	
1572	-	  255.00	  170.00	  185.45	
1573	-	   46.36	   85.00	  255.00	
1574	-	    0.00	   42.50	  255.00	
1575	-	  139.09	  212.50	  208.64	
1576	-	   69.55	   21.25	  185.45	
1577	-	   69.55	   42.50	    0.00	
1578	-	  139.09	   42.50	   92.73	
1579	-	  117.69	  117.69	  143.85	
1580	-	  208.64	    0.00	  139.09	
1581	-	   92.73	  191.25	  139.09	
1582	-	  185.45	   85.00	   46.36	
1583	-	  231.82	   63.75	   23.18	
1584	-	  162.27	   85.00	    0.00	
1585	-	  185.45	   21.25	  255.00	
1586	-	  255.00	  255.00	   69.55	
1587	-	   69.55	   63.75	  139.09	
1588	-	  255.00	   63.75	   69.55	
1589	-	    0.00	   63.75	   69.55	
1590	-	   46.36	  233.75	  162.27	
1591	-	  255.00	  212.50	  231.82	
1592	-	  139.09	  191.25	   92.73	
1593	-	    0.00	  212.50	   69.55	
1594	-	  231.82	  106.25	  139.09	
1595	-	  231.82	  106.25	   46.36	
1596	-	  115.91	  106.25	  162.27	
1597	-	  115.91	  106.25	  208.64	
1598	-	    0.00	  127.50	   46.36	
1599	-	   92.73	  127.50	  185.45	
1600	-	  231.82	   42.50	   92.73	
1601	-	   92.73	  170.00	  185.45	
1602	-	   69.55	  233.75	  185.45	
1603	-	   23.18	   21.25	    0.00	
1604	-	   46.36	  233.75	   46.36	
1605	-	   23.18	  212.50	   23.18	
1606	-	  143.85	  117.69	  117.69	
1607	-	    0.00	  255.00	   46.36	
1608	-	   23.18	   21.25	  185.45	
1609	-	    0.00	  233.75	   46.36	
1610	-	  255.00	   42.50	    0.00	
1611	-	   92.73	   63.75	  185.45	
1612	-	  162.27	  191.25	  208.64	
1613	-	  185.45	  106.25	   69.55	
1614	-	  208.64	  212.50	   23.18	
1615	-	  255.00	  170.00	   46.36	
1616	-	   46.36	   63.75	    0.00	
1617	-	  208.64	  255.00	   46.36	
1618	-	  162.27	  148.75	  208.64	
1619	-	  255.00	  148.75	  139.09	
1620	-	    0.00	  255.00	  115.91	
1621	-	  208.64	  127.50	  208.64	
1622	-	   23.18	  191.25	  115.91	
1623	-	  162.27	    0.00	  185.45	
1624	-	   46.36	  170.00	   46.36	
1625	-	  185.45	  148.75	  208.64	
1626	-	  231.82	   42.50	  162.27	
1627	-	   69.55	  255.00	   92.73	
1628	-	  217.73	  255.00	  217.73	
1629	-	   92.73	  170.00	   92.73	
1630	-	  185.45	  148.75	  231.82	
1631	-	    0.00	  212.50	  255.00	
1632	-	  115.91	   42.50	   69.55	
1633	-	  115.91	   85.00	   69.55	
1634	-	   82.38	   82.38	  100.69	
1635	-	   46.36	    0.00	  208.64	
1636	-	    0.00	    0.00	   69.55	
1637	-	    0.00	  106.25	   69.55	
1638	-	  208.64	  106.25	   69.55	
1639	-	   92.73	   21.25	    0.00	
1640	-	  255.00	  170.00	    0.00	
1641	-	  139.09	   21.25	  255.00	
1642	-	   92.73	  127.50	   92.73	
1643	-	   92.73	  170.00	   69.55	
1644	-	  185.45	    0.00	  231.82	
1645	-	  115.91	  191.25	  139.09	
1646	-	  115.91	   63.75	  255.00	
1647	-	  231.82	   21.25	  185.45	
1648	-	  185.45	  255.00	  162.27	
1649	-	   23.18	  212.50	  185.45	
1650	-	   23.18	  170.00	   69.55	
1651	-	   92.73	  191.25	   92.73	
1652	-	  139.09	  191.25	  115.91	
1653	-	   23.18	  255.00	   23.18	
1654	-	   46.36	   85.00	   92.73	
1655	-	  255.00	  148.75	  162.27	
1656	-	   23.18	   42.50	  255.00	
1657	-	  162.27	  255.00	  208.64	
1658	-	  208.64	  170.00	  231.82	
1659	-	  231.82	  148.75	  162.27	
1660	-	  255.00	   21.25	   69.55	
1661	-	  162.27	  170.00	   23.18	
1662	-	  115.91	  127.50	  139.09	
1663	-	   23.18	  127.50	   46.36	
1664	-	  139.09	  255.00	    0.00	
1665	-	  115.36	  115.36	  115.36	
1666	-	  139.09	  233.75	   69.55	
1667	-	  139.09	  106.25	   92.73	
1668	-	   92.73	   63.75	  162.27	
1669	-	  115.91	  191.25	  208.64	
1670	-	   46.36	  148.75	  185.45	
1671	-	  255.00	  170.00	  139.09	
1672	-	  231.82	  212.50	   46.36	
1673	-	  162.27	  255.00	   92.73	
1674	-	  163.93	  163.93	  163.93	
1675	-	   69.55	  106.25	  208.64	
1676	-	   46.36	    0.00	  231.82	
1677	-	   69.55	  106.25	  115.91	
1678	-	   92.73	  148.75	  115.91	
1679	-	  185.45	  170.00	   23.18	
1680	-	  115.91	  212.50	  115.91	
1681	-	  121.43	  121.43	  121.43	
1682	-	   92.73	  148.75	  255.00	
1683	-	    0.00	  106.25	  208.64	
1684	-	   23.18	  191.25	   23.18	
1685	-	  231.82	   42.50	  115.91	
1686	-	   46.36	   63.75	   69.55	
1687	-	   92.73	   63.75	  139.09	
1688	-	  211.85	  211.85	  255.00	
1689	-	  185.45	   85.00	  162.27	
1690	-	  231.82	   21.25	  115.91	
1691	-	  139.09	   21.25	   23.18	
1692	-	    0.00	  127.50	    0.00	
1693	-	  162.27	   63.75	    0.00	
1694	-	  115.91	   21.25	  139.09	
1695	-	  208.64	  191.25	  185.45	
1696	-	   92.73	  148.75	  185.45	
1697	-	  255.00	  233.75	  185.45	
1698	-	   23.18	  233.75	    0.00	
1699	-	  231.82	   85.00	  185.45	
1700	-	  231.82	  127.50	  208.64	
1701	-	  231.82	  148.75	   69.55	
1702	-	  115.91	  127.50	  208.64	
1703	-	    0.00	   63.75	  231.82	
1704	-	  208.64	  148.75	  115.91	
1705	-	  255.00	  106.25	  185.45	
1706	-	   23.18	  212.50	  115.91	
1707	-	  208.64	  170.00	  162.27	
1708	-	   69.55	  212.50	  115.91	
1709	-	   92.73	  255.00	  185.45	
1710	-	   23.18	  170.00	   46.36	
1711	-	  162.27	  106.25	   23.18	
1712	-	   46.36	  127.50	  255.00	
1713	-	  139.09	  212.50	  255.00	
1714	-	  162.27	  106.25	  255.00	
1715	-	  231.82	   85.00	  231.82	
1716	-	  185.45	  255.00	   92.73	
1717	-	  208.64	  148.75	   46.36	
1718	-	  115.91	  170.00	   23.18	
1719	-	  255.00	  191.25	  185.45	
1720	-	  255.00	    0.00	   92.73	
1721	-	  208.64	  233.75	   69.55	
1722	-	    0.00	  106.25	  139.09	
1723	-	   69.55	  148.75	  208.64	
1724	-	   23.18	  170.00	   23.18	
1725	-	  139.09	   42.50	    0.00	
1726	-	  255.00	   21.25	  185.45	
1727	-	  185.45	  212.50	  115.91	
1728	-	  231.82	  170.00	  115.91	
1729	-	   69.55	  170.00	   23.18	
1730	-	    0.00	   63.75	  139.09	
1731	-	   23.18	   42.50	    0.00	
1732	-	  139.09	   85.00	  139.09	
1733	-	  185.45	  106.25	  185.45	
1734	-	   23.18	  106.25	  255.00	
1735	-	  139.09	   42.50	  208.64	
1736	-	    0.00	  191.25	  185.45	
1737	-	   69.55	   85.00	   92.73	
1738	-	   79.12	   64.73	   64.73	
1739	-	   69.55	  127.50	  255.00	
1740	-	  139.09	  255.00	  231.82	
1741	-	  208.64	   21.25	    0.00	
1742	-	    0.00	  255.00	  185.45	
1743	-	  194.19	  237.35	  194.19	
1744	-	   46.36	  233.75	   92.73	
1745	-	   92.73	  106.25	   69.55	
1746	-	  231.82	   85.00	  162.27	
1747	-	  231.82	   85.00	  115.91	
1748	-	  255.00	  191.25	   23.18	
1749	-	  208.64	   42.50	   69.55	
1750	-	   23.18	    0.00	   69.55	
1751	-	   92.73	  212.50	  185.45	
1752	-	  185.45	  127.50	   92.73	
1753	-	   46.36	  148.75	   92.73	
1754	-	  139.09	  233.75	  139.09	
1755	-	   88.27	  107.88	   88.27	
1756	-	  139.09	  106.25	  162.27	
1757	-	   23.18	  255.00	  162.27	
1758	-	  231.82	  127.50	    0.00	
1759	-	  255.00	  191.25	   46.36	
1760	-	   23.18	  212.50	  139.09	
1761	-	    0.00	   63.75	  208.64	
1762	-	  231.82	  170.00	  162.27	
1763	-	   46.36	   21.25	  185.45	
1764	-	    0.00	  127.50	  162.27	
1765	-	   64.73	   79.12	   64.73	
1766	-	  115.91	  233.75	  231.82	
1767	-	  231.82	  212.50	  208.64	
1768	-	  208.64	   21.25	  185.45	
1769	-	   64.73	   52.96	   52.96	
1770	-	    0.00	   85.00	  255.00	
1771	-	   92.73	  212.50	  208.64	
1772	-	  162.27	  255.00	   69.55	
1773	-	   69.55	   21.25	  162.27	
1774	-	   41.19	   50.35	   41.19	
1775	-	  162.27	    0.00	  255.00	
1776	-	  231.82	    0.00	  139.09	
1777	-	  139.09	  255.00	   92.73	
1778	-	   69.55	  233.75	  208.64	
1779	-	   11.77	   11.77	   14.38	
1780	-	  185.45	   63.75	  231.82	
1781	-	  231.82	  255.00	  185.45	
1782	-	  162.27	  233.75	  185.45	
1783	-	  162.27	  212.50	  162.27	
1784	-	  255.00	  233.75	  231.82	
1785	-	   92.73	   63.75	   92.73	
1786	-	  162.27	   42.50	  231.82	
1787	-	  231.82	  148.75	  185.45	
1788	-	  115.91	   21.25	  255.00	
1789	-	   92.73	  233.75	  231.82	
1790	-	  139.09	   21.25	  115.91	
1791	-	   92.73	  255.00	  231.82	
1792	-	   92.73	  255.00	  255.00	
1793	-	  162.27	  233.75	  139.09	
1794	-	   46.36	  106.25	  162.27	
1795	-	  231.82	  212.50	  162.27	
1796	-	   23.18	  127.50	   92.73	
1797	-	   42.50	   42.50	   42.50	
1798	-	  139.09	   85.00	  162.27	
1799	-	  115.91	   42.50	    0.00	
1800	-	  185.45	   21.25	  115.91	
1801	-	   69.55	    0.00	  208.64	
1802	-	   69.55	  148.75	  231.82	
1803	-	  231.82	  191.25	  208.64	
1804	-	  224.64	  224.64	  224.64	
1805	-	  185.45	  255.00	   69.55	
1806	-	  185.45	  127.50	  162.27	
1807	-	   46.36	  191.25	  231.82	
1808	-	    0.00	    0.00	   23.18	
1809	-	  185.45	  191.25	  185.45	
1810	-	  162.27	  212.50	  231.82	
1811	-	   69.55	  233.75	  231.82	
1812	-	   92.73	  170.00	  115.91	
1813	-	  185.45	  127.50	  208.64	
1814	-	  162.27	   21.25	  255.00	
1815	-	  139.09	  148.75	   69.55	
1816	-	  162.27	  170.00	    0.00	
1817	-	   69.55	  191.25	  162.27	
1818	-	    7.19	    5.88	    5.88	
1819	-	  255.00	  148.75	  115.91	
1820	-	    0.00	  127.50	   92.73	
1821	-	   23.18	  170.00	  231.82	
1822	-	   23.18	  191.25	    0.00	
1823	-	  255.00	  106.25	  139.09	
1824	-	  255.00	  127.50	  208.64	
1825	-	   46.36	   63.75	  115.91	
1826	-	    0.00	  106.25	   46.36	
1827	-	    0.00	  212.50	  115.91	
1828	-	  255.00	   85.00	   92.73	
1829	-	  139.09	  233.75	  185.45	
1830	-	   46.36	  170.00	  185.45	
1831	-	   69.55	   63.75	   92.73	
1832	-	  185.45	  191.25	  139.09	
1833	-	  185.45	  212.50	   46.36	
1834	-	  162.27	  127.50	  185.45	
1835	-	  162.27	   21.25	    0.00	
1836	-	   23.18	  191.25	  185.45	
1837	-	  122.27	  100.04	  100.04	
1838	-	   23.18	  170.00	  255.00	
1839	-	   69.55	  106.25	  185.45	
1840	-	  208.64	  127.50	   23.18	
1841	-	  208.64	   85.00	  185.45	
1842	-	  115.91	  255.00	   23.18	
1843	-	  185.45	  255.00	   46.36	
1844	-	  162.27	   42.50	  185.45	
1845	-	  115.91	  191.25	   23.18	
1846	-	  162.27	  106.25	  115.91	
1847	-	  255.00	  106.25	  115.91	
1848	-	  185.45	   42.50	   23.18	
1849	-	  231.82	   21.25	   46.36	
1850	-	   48.57	   48.57	   48.57	
1851	-	    0.00	   21.25	   92.73	
1852	-	    0.00	  191.25	   69.55	
1853	-	  231.82	  170.00	    0.00	
1854	-	   92.73	  191.25	  115.91	
1855	-	  231.82	  191.25	   46.36	
1856	-	  231.82	  148.75	   92.73	
1857	-	   92.73	  127.50	   46.36	
1858	-	  208.64	  127.50	    0.00	
1859	-	  255.00	  211.85	  211.85	
1860	-	  115.91	   42.50	   23.18	
1861	-	  115.91	  255.00	   69.55	
1862	-	  162.27	  148.75	   92.73	
1863	-	    0.00	   63.75	  185.45	
1864	-	  185.45	  127.50	  139.09	
1865	-	   69.55	    0.00	  115.91	
1866	-	  231.82	   21.25	   69.55	
1867	-	  115.91	  148.75	   23.18	
1868	-	   23.18	   63.75	   69.55	
1869	-	  115.91	  106.25	   92.73	
1870	-	   24.29	   24.29	   24.29	
1871	-	   46.36	  148.75	  139.09	
1872	-	  208.64	  170.00	    0.00	
1873	-	   46.36	    0.00	  185.45	
1874	-	  255.00	  106.25	   69.55	
1875	-	  185.45	  233.75	  208.64	
1876	-	  231.82	  255.00	  139.09	
1877	-	  185.45	  233.75	  185.45	
1878	-	   69.55	  127.50	  139.09	
1879	-	  208.64	   42.50	  115.91	
1880	-	   92.73	   63.75	   23.18	
1881	-	  231.82	   42.50	    0.00	
1882	-	   69.55	   85.00	   23.18	
1883	-	  208.64	  170.00	   92.73	
1884	-	   23.18	  255.00	  185.45	
1885	-	   46.36	  127.50	  162.27	
1886	-	  255.00	  212.50	   46.36	
1887	-	  255.00	   63.75	  208.64	
1888	-	   46.36	  212.50	  139.09	
1889	-	  162.27	  127.50	  115.91	
1890	-	   92.73	    0.00	   92.73	
1891	-	  208.64	  212.50	   46.36	
1892	-	   23.18	   85.00	  162.27	
1893	-	  255.00	  127.50	  185.45	
1894	-	  115.91	  233.75	  162.27	
1895	-	  208.64	  255.00	  231.82	
1896	-	  115.91	  255.00	   92.73	
1897	-	  162.27	  212.50	   23.18	
1898	-	  162.27	  127.50	  255.00	
1899	-	  115.91	  255.00	  115.91	
1900	-	    0.00	    0.00	  139.09	
1901	-	   92.73	   21.25	  139.09	
1902	-	  115.91	   42.50	  185.45	
1903	-	   46.36	  106.25	   23.18	
1904	-	   92.73	  191.25	  208.64	
1905	-	  115.91	   85.00	  185.45	
1906	-	  185.45	    0.00	   92.73	
1907	-	    0.00	   42.50	  115.91	
1908	-	  208.64	   63.75	  115.91	
1909	-	  208.64	  148.75	  208.64	
1910	-	   69.55	  106.25	  255.00	
1911	-	  231.82	    0.00	    0.00	
1912	-	  185.45	   85.00	  139.09	
1913	-	    0.00	   21.25	   69.55	
1914	-	  115.91	  233.75	   92.73	
1915	-	  162.27	  148.75	   23.18	
1916	-	  255.00	   42.50	  139.09	
1917	-	   23.18	    0.00	  185.45	
1918	-	  162.27	  106.25	  139.09	
1919	-	  115.91	  212.50	   46.36	
1920	-	    0.00	   21.25	  115.91	
1921	-	   46.36	  170.00	    0.00	
1922	-	  185.45	   42.50	    0.00	
1923	-	   92.73	  191.25	   46.36	
1924	-	   46.36	  148.75	   23.18	
1925	-	  162.27	    0.00	  139.09	
1926	-	  162.27	  212.50	  115.91	
1927	-	  162.27	  255.00	  115.91	
1928	-	   92.73	    0.00	   46.36	
1929	-	  139.09	  255.00	   46.36	
1930	-	  231.82	  127.50	   23.18	
1931	-	  208.64	   21.25	  231.82	
1932	-	  255.00	  212.50	  139.09	
1933	-	  231.82	  233.75	  185.45	
1934	-	  231.82	   63.75	  208.64	
1935	-	  141.23	  172.62	  141.23	
1936	-	   69.55	  233.75	   46.36	
1937	-	  158.23	  129.46	  129.46	
1938	-	  185.45	   85.00	  185.45	
1939	-	  129.46	  105.92	  105.92	
1940	-	   92.73	    0.00	  208.64	
1941	-	  157.86	  157.86	  157.86	
1942	-	  139.09	  106.25	    0.00	
1943	-	  115.91	   21.25	  185.45	
1944	-	   23.18	   42.50	   23.18	
1945	-	  162.27	    0.00	   69.55	
1946	-	   23.18	   63.75	   46.36	
1947	-	  185.45	  212.50	  231.82	
1948	-	  139.09	  212.50	  162.27	
1949	-	  162.27	  127.50	  139.09	
1950	-	  139.09	  170.00	   23.18	
1951	-	  115.91	  148.75	   92.73	
1952	-	   69.55	   63.75	    0.00	
1953	-	  255.00	  191.25	  255.00	
1954	-	   69.55	  170.00	  115.91	
1955	-	  139.09	  148.75	    0.00	
1956	-	    0.00	   42.50	  185.45	
1957	-	  115.91	   42.50	  231.82	
1958	-	  139.09	  212.50	  139.09	
1959	-	  255.00	  148.75	   46.36	
1960	-	   92.73	  191.25	  231.82	
1961	-	   69.55	  106.25	    0.00	
1962	-	  231.82	  191.25	  231.82	
1963	-	  139.09	  127.50	  185.45	
1964	-	  255.00	   42.50	  115.91	
1965	-	  208.64	   85.00	    0.00	
1966	-	   92.73	  170.00	   23.18	
1967	-	  185.45	  212.50	   23.18	
1968	-	  208.64	  106.25	    0.00	
1969	-	  255.00	   42.50	   92.73	
1970	-	  255.00	  127.50	   46.36	
1971	-	  255.00	   42.50	   69.55	
1972	-	   46.36	   85.00	    0.00	
1973	-	    0.00	   63.75	    0.00	
1974	-	    0.00	   85.00	  115.91	
1975	-	  208.64	  148.75	  162.27	
1976	-	   69.55	  233.75	    0.00	
1977	-	  185.45	  191.25	   23.18	
1978	-	  139.64	  139.64	  139.64	
1979	-	  164.77	  201.38	  164.77	
1980	-	  115.91	  127.50	  255.00	
1981	-	   23.18	  127.50	  231.82	
1982	-	  162.27	   63.75	  185.45	
1983	-	  255.00	  255.00	  139.09	
1984	-	  185.45	  148.75	   23.18	
1985	-	  115.91	  233.75	   23.18	
1986	-	   69.55	  212.50	  231.82	
1987	-	  236.79	  236.79	  236.79	
1988	-	  115.91	  170.00	  255.00	
1989	-	   92.73	   42.50	   69.55	
1990	-	  139.09	  106.25	   46.36	
1991	-	  139.09	   21.25	    0.00	
1992	-	  185.45	  106.25	   92.73	
1993	-	    0.00	  127.50	  185.45	
1994	-	  200.36	  200.36	  200.36	
1995	-	   92.73	    0.00	  255.00	
1996	-	  255.00	   42.50	  185.45	
1997	-	   92.73	  170.00	  162.27	
1998	-	   69.55	    0.00	  185.45	
1999	-	   23.18	   21.25	  231.82	
2000	-	  139.09	    0.00	  231.82	
2001	-	  223.62	  223.62	  255.00	
2002	-	  208.64	    0.00	  255.00	
2003	-	   69.55	  255.00	   69.55	
2004	-	  208.64	    0.00	    0.00	
2005	-	  231.82	   85.00	   92.73	
2006	-	  208.64	   42.50	   46.36	
2007	-	  115.91	  233.75	  115.91	
2008	-	  162.27	  127.50	  208.64	
2009	-	  231.82	  127.50	  231.82	
2010	-	  255.00	    0.00	  231.82	
2011	-	    0.00	   63.75	   23.18	
2012	-	   23.18	  212.50	    0.00	
2013	-	  185.45	    0.00	  255.00	
2014	-	   92.73	   85.00	  139.09	
2015	-	    0.00	   85.00	    0.00	
2016	-	  100.69	   82.38	   82.38	
2017	-	    0.00	   63.75	  255.00	
2018	-	   92.73	  191.25	   23.18	
2019	-	   92.73	  148.75	  139.09	
2020	-	  139.09	  170.00	   69.55	
2021	-	  255.00	  148.75	  231.82	
2022	-	  231.82	  191.25	   92.73	
2023	-	    0.00	  148.75	    0.00	
2024	-	  115.91	  148.75	    0.00	
2025	-	  208.64	  191.25	  162.27	
2026	-	  115.91	  233.75	    0.00	
2027	-	  231.82	  148.75	  231.82	
2028	-	  115.91	   21.25	   92.73	
2029	-	   92.73	  255.00	   69.55	
2030	-	   69.55	  127.50	  208.64	
2031	-	   23.18	  106.25	   69.55	
2032	-	   46.36	  148.75	  255.00	
2033	-	  139.09	  127.50	  255.00	
END_DATA
